step,fitness,genome
0,0.00613750137930164,"[1 0 0 1 1 0 0 1 1 1 0 1 0 1 0 0 0 1 0 0 1 1 1 0 0 1 1 1 0 0 0 0 0 1 1 1 0
 0 1 0]"
0,0.030411891300079156,"[1 0 1 1 0 1 0 0 1 0 0 0 0 1 1 1 0 0 1 0 0 0 1 1 1 1 0 1 1 0 1 1 0 0 1 0 0
 1 1 1]"
0,0.014028907484782926,"[1 0 1 0 0 1 1 1 0 0 0 1 0 1 1 0 0 0 1 1 1 1 0 1 1 1 0 0 1 0 1 0 0 0 1 1 1
 0 1 1]"
0,0.6756498889356491,"[1 1 1 1 0 1 1 0 0 0 1 0 1 0 0 0 0 0 1 0 1 1 1 1 0 0 1 0 0 1 0 0 1 0 0 0 0
 1 1 1]"
0,0.8208976700776389,"[1 1 1 1 1 0 1 0 1 1 1 1 1 1 1 1 0 1 0 0 1 0 0 0 0 0 1 0 0 1 1 1 0 1 0 1 1
 1 0 0]"
0,0.006456884775346538,"[1 0 0 1 1 0 1 0 1 0 0 1 1 1 0 0 1 0 0 1 0 1 1 0 0 1 0 1 1 0 1 0 1 1 0 0 0
 1 0 0]"
0,0.00613750137967322,"[1 0 0 1 1 0 0 1 1 1 0 1 0 1 0 0 0 1 0 0 1 1 1 0 0 1 1 1 0 0 0 0 0 1 1 1 0
 1 1 0]"
0,0.21721608941571977,"[1 1 0 1 1 0 1 1 1 1 0 0 0 0 0 0 0 0 0 0 1 0 0 1 0 1 0 0 1 1 1 0 0 1 1 0 0
 1 0 1]"
0,0.9105200366597074,"[1 1 1 1 1 1 0 1 1 0 0 1 1 1 0 0 1 0 0 0 1 0 1 0 0 0 1 1 1 1 1 0 0 0 1 0 0
 1 1 0]"
0,0.6668361467299216,"[1 1 1 1 0 1 0 1 1 1 0 1 0 1 0 1 0 1 1 1 1 1 1 0 0 1 1 1 0 1 1 0 1 0 0 0 0
 1 1 1]"
0,0.3992042542396446,"[1 1 1 0 1 0 0 1 1 0 0 0 1 0 0 1 1 1 1 1 1 1 1 0 0 0 1 1 0 0 1 1 0 0 0 1 1
 1 1 0]"
0,0.04435091913501874,"[1 0 1 1 1 0 1 1 0 1 1 1 1 0 0 0 0 0 1 0 0 1 1 0 0 0 0 0 0 1 1 0 1 0 0 0 1
 0 1 1]"
0,0.02952908205069118,"[1 0 1 1 0 0 1 1 1 1 1 1 1 1 1 1 0 0 1 1 0 0 1 1 0 0 0 0 1 1 1 0 1 1 0 0 1
 1 1 0]"
0,0.08215924658124167,"[1 1 0 0 0 1 1 1 0 1 1 0 0 1 0 0 0 0 0 1 1 0 1 0 0 1 0 1 0 1 1 1 0 0 1 0 0
 0 1 0]"
0,0.6966247192062692,"[1 1 1 1 0 1 1 0 1 1 1 0 1 0 0 1 0 0 1 0 0 0 0 1 1 0 0 0 0 0 0 0 0 0 0 1 0
 1 0 0]"
0,0.8208976856728138,"[1 1 1 1 1 0 1 0 1 1 1 1 1 1 1 1 0 1 0 0 1 0 0 0 0 0 1 0 1 1 1 1 0 1 0 1 1
 1 0 0]"
0,0.9309204985866548,"[1 1 1 1 1 1 1 0 0 0 1 0 1 1 0 0 1 0 0 0 1 1 1 1 0 0 1 0 0 1 0 0 0 0 0 0 0
 1 1 0]"
0,0.6603662210861962,"[1 1 1 1 0 1 0 1 1 0 0 1 1 0 0 0 0 0 1 0 1 0 1 0 0 0 1 1 1 1 1 0 1 0 1 0 0
 1 1 1]"
0,0.011651554566161399,"[1 0 1 0 0 1 0 0 0 0 0 0 0 0 1 1 0 1 0 1 0 1 0 1 1 1 1 1 0 0 1 1 1 1 0 1 1
 0 1 1]"
0,0.004790929415010544,"[1 0 0 1 0 1 1 0 0 0 0 1 0 0 0 0 1 1 0 1 1 1 0 1 0 0 1 0 0 0 0 1 1 1 0 0 1
 1 1 1]"
0,0.030413536464551864,"[1 0 1 1 0 1 0 0 1 0 0 0 0 1 1 1 0 1 1 0 0 0 1 1 1 1 0 1 1 0 1 1 0 0 1 0 0
 0 1 1]"
0,0.8208976700776389,"[1 1 1 1 1 0 1 0 1 1 1 1 1 1 1 1 0 1 0 0 1 0 0 0 0 0 1 0 0 1 1 1 0 1 0 1 1
 1 0 0]"
0,0.6909206420116841,"[1 1 1 1 0 1 1 0 1 0 1 1 0 1 0 1 0 0 1 0 1 1 1 0 1 0 1 1 0 1 1 1 1 0 0 1 0
 0 1 0]"
0,0.05564679102745218,"[1 0 1 1 1 1 1 1 1 1 0 0 0 1 0 1 0 1 1 1 1 1 1 0 0 1 1 1 1 1 1 0 1 0 0 0 0
 1 1 1]"
0,0.001559980597261762,"[1 0 0 0 0 1 1 0 0 0 1 0 0 0 1 1 0 1 0 1 0 1 0 1 0 0 1 0 0 1 0 1 1 1 0 0 0
 0 0 0]"
0,0.015732606288334387,"[1 0 1 0 1 0 0 1 0 0 0 0 0 0 1 1 0 1 0 1 0 0 0 1 1 1 1 1 1 0 1 1 1 0 0 1 1
 0 1 1]"
0,6.81970034325748e-06,"[0 1 0 0 1 1 0 1 1 1 1 0 1 0 1 0 0 0 0 0 0 1 1 1 1 0 0 1 0 1 0 1 1 1 0 1 0
 0 0 0]"
0,0.48851775401724734,"[1 1 1 0 1 1 1 0 0 1 0 0 1 1 0 1 0 1 0 1 1 0 1 1 0 0 1 0 0 0 1 0 1 0 1 0 0
 1 0 1]"
0,7.282141787581791e-06,"[0 1 0 0 1 1 1 0 0 1 1 0 1 1 0 1 0 1 0 1 0 0 1 1 0 0 1 0 0 0 1 0 1 0 1 0 0
 1 0 0]"
0,0.4554344271418608,"[1 1 1 0 1 1 0 0 1 0 1 0 0 0 1 1 0 0 0 0 1 1 1 0 1 1 0 1 1 1 0 1 1 0 0 0 1
 0 1 1]"
0,0.03674204651320286,"[1 0 1 1 0 1 1 1 1 1 1 1 1 0 0 1 0 1 0 1 0 0 1 1 1 1 0 1 1 1 0 0 0 1 0 1 1
 1 0 1]"
0,0.26051818473787564,"[1 1 0 1 1 1 1 1 1 1 0 0 1 0 0 0 0 0 0 0 0 0 1 0 1 0 0 0 0 0 0 1 1 1 0 1 0
 1 1 0]"
0,0.6966247191799932,"[1 1 1 1 0 1 1 0 1 1 1 0 1 0 0 1 0 0 1 0 0 0 0 1 1 0 0 0 0 0 0 0 0 0 0 1 0
 0 0 0]"
0,0.8208976700776389,"[1 1 1 1 1 0 1 0 1 1 1 1 1 1 1 1 0 1 0 0 1 0 0 0 0 0 1 0 0 1 1 1 0 1 0 1 1
 1 0 0]"
0,0.011053487358514377,"[1 0 1 0 0 0 1 1 0 0 1 0 0 1 1 0 1 0 1 0 1 0 1 1 1 1 0 0 1 1 1 0 0 0 0 1 0
 1 1 1]"
0,0.04597611584076368,"[1 0 1 1 1 1 0 0 0 0 1 0 0 1 0 1 0 0 1 0 1 1 0 1 0 1 0 0 0 0 0 0 0 1 0 1 1
 1 0 1]"
0,0.6689272417689807,"[1 1 1 1 0 1 0 1 1 1 1 0 1 0 0 1 0 0 1 1 0 0 1 1 1 0 0 0 0 0 0 0 0 0 0 1 0
 1 1 0]"
0,0.6944558455857059,"[1 1 1 1 0 1 1 0 1 1 0 1 0 1 0 1 0 1 1 0 1 1 0 0 0 1 1 1 0 1 1 0 1 0 0 0 0
 1 0 1]"
0,0.09733603304252703,"[1 1 0 0 1 0 1 0 1 1 0 0 1 1 0 0 1 0 1 1 1 0 0 1 1 1 0 0 1 0 1 0 1 1 0 1 1
 1 0 1]"
0,0.21721608941571977,"[1 1 0 1 1 0 1 1 1 1 0 0 0 0 0 0 0 0 0 0 1 0 0 1 0 1 0 0 1 1 1 0 0 1 1 0 0
 1 0 1]"
0,0.0005909800892447717,"[0 1 1 1 1 0 0 1 1 0 1 1 1 0 1 0 1 1 0 1 1 0 1 0 0 1 1 1 0 0 1 1 0 1 1 0 0
 0 0 1]"
0,0.0001884377711404027,"[0 1 1 0 1 1 0 0 1 0 0 1 0 1 0 0 1 1 1 0 1 1 0 0 0 1 0 1 0 1 0 0 0 0 0 0 0
 0 1 0]"
0,0.05523816220726225,"[1 0 1 1 1 1 1 1 1 0 1 0 0 0 0 1 0 1 0 1 0 0 1 0 1 1 1 0 0 1 0 1 0 0 0 0 0
 0 1 1]"
0,0.010969091107966757,"[1 0 1 0 0 0 1 1 0 0 0 0 0 1 1 0 1 0 1 0 1 0 1 1 1 1 0 0 1 0 1 1 0 1 0 1 0
 1 1 1]"
0,0.004790929415010544,"[1 0 0 1 0 1 1 0 0 0 0 1 0 0 0 0 1 1 0 1 1 1 0 1 0 0 1 0 0 0 0 1 1 1 0 0 1
 1 1 1]"
0,0.07817475351593953,"[1 1 0 0 0 1 1 0 0 1 1 0 0 1 1 0 1 1 1 1 1 0 1 0 1 0 0 1 0 1 0 1 1 1 1 0 0
 0 1 1]"
0,0.6966247192062692,"[1 1 1 1 0 1 1 0 1 1 1 0 1 0 0 1 0 0 1 0 0 0 0 1 1 0 0 0 0 0 0 0 0 0 0 1 0
 1 0 0]"
0,0.6668361467299216,"[1 1 1 1 0 1 0 1 1 1 0 1 0 1 0 1 0 1 1 1 1 1 1 0 0 1 1 1 0 1 1 0 1 0 0 0 0
 1 1 1]"
0,0.05522617978006502,"[1 0 1 1 1 1 1 1 1 0 1 0 0 0 0 0 0 1 0 0 0 0 1 0 0 1 1 1 0 0 0 1 0 0 0 0 0
 0 1 1]"
0,0.9916502374002836,"[1 1 1 1 1 1 1 1 1 1 0 0 1 0 0 1 0 0 0 1 0 0 1 0 1 0 0 0 0 0 0 1 1 1 0 1 0
 1 0 0]"
0,0.017349891534467102,"[1 0 1 0 1 0 1 0 1 0 1 0 1 1 0 0 1 1 0 0 0 1 0 1 1 1 0 1 1 0 0 1 1 1 1 0 0
 0 1 1]"
0,0.14897510196240996,"[1 1 0 1 0 0 1 1 1 0 0 1 1 1 1 0 0 0 0 0 1 1 0 0 1 0 1 0 1 0 0 0 0 0 1 0 1
 0 0 0]"
0,6.331007285996782e-05,"[0 1 1 0 0 0 0 1 0 1 0 1 1 1 0 0 1 0 0 0 1 0 1 1 0 0 0 1 1 1 1 1 1 0 0 0 0
 1 1 0]"
0,0.6668361467299216,"[1 1 1 1 0 1 0 1 1 1 0 1 0 1 0 1 0 1 1 1 1 1 1 0 0 1 1 1 0 1 1 0 1 0 0 0 0
 1 1 1]"
0,0.6966247192062692,"[1 1 1 1 0 1 1 0 1 1 1 0 1 0 0 1 0 0 1 0 0 0 0 1 1 0 0 0 0 0 0 0 0 0 0 1 0
 1 0 0]"
0,0.9105200366597074,"[1 1 1 1 1 1 0 1 1 0 0 1 1 1 0 0 1 0 0 0 1 0 1 0 0 0 1 1 1 1 1 0 0 0 1 0 0
 1 1 0]"
0,0.0009955070961355334,"[1 0 0 0 0 0 0 0 0 0 1 1 1 1 1 1 0 0 0 0 0 1 0 0 1 1 1 1 0 0 0 1 1 1 1 0 1
 0 0 1]"
0,0.017678393797282792,"[1 0 1 0 1 0 1 0 1 1 1 1 1 1 1 0 1 1 0 0 1 1 0 1 1 1 0 1 1 0 0 0 0 0 1 0 0
 0 1 0]"
0,0.7243181415751294,"[1 1 1 1 0 1 1 1 1 1 1 0 0 0 0 0 0 0 0 0 0 1 1 0 1 0 0 0 0 1 0 1 1 1 0 1 0
 1 1 1]"
0,0.9257275315479315,"[1 1 1 1 1 1 1 0 0 0 0 0 1 0 0 0 0 0 1 0 1 0 1 1 1 0 1 0 0 0 0 0 1 0 0 0 1
 1 0 0]"
0,0.000149067314373664,"[0 1 1 0 1 0 1 0 0 0 0 1 0 0 0 1 0 0 0 0 0 1 0 1 1 0 1 0 1 0 0 1 0 1 1 0 0
 0 1 1]"
0,0.7036606715941051,"[1 1 1 1 0 1 1 1 0 0 1 0 1 0 0 0 1 0 1 0 1 1 1 1 0 0 1 0 0 1 0 0 1 0 0 0 0
 1 1 1]"
0,0.0109690910678622,"[1 0 1 0 0 0 1 1 0 0 0 0 0 1 1 0 1 0 1 0 1 0 1 1 1 1 0 0 1 0 1 0 0 1 0 1 0
 1 1 1]"
0,0.19141483564742134,"[1 1 0 1 1 0 0 0 1 1 1 1 1 1 0 1 0 0 1 0 1 0 0 0 1 1 0 0 0 1 0 0 0 0 0 0 1
 0 1 0]"
0,0.4554344271418608,"[1 1 1 0 1 1 0 0 1 0 1 0 0 0 1 1 0 0 0 0 1 1 1 0 1 1 0 1 1 1 0 1 1 0 0 0 1
 0 1 1]"
0,0.4554344271418608,"[1 1 1 0 1 1 0 0 1 0 1 0 0 0 1 1 0 0 0 0 1 1 1 0 1 1 0 1 1 1 0 1 1 0 0 0 1
 0 1 1]"
0,0.14847999667388878,"[1 1 0 1 0 0 1 1 1 0 0 0 1 1 0 0 0 0 0 0 0 1 0 0 1 0 1 0 1 0 0 0 1 1 1 0 1
 0 0 0]"
0,0.4553592525498359,"[1 1 1 0 1 1 0 0 1 0 1 0 0 0 1 0 0 0 0 0 1 1 1 0 1 1 0 1 1 1 0 1 1 0 0 0 1
 0 1 1]"
0,0.0109690910678622,"[1 0 1 0 0 0 1 1 0 0 0 0 0 1 1 0 1 0 1 0 1 0 1 1 1 1 0 0 1 0 1 0 0 1 0 1 0
 1 1 1]"
0,0.9914893433570765,"[1 1 1 1 1 1 1 1 1 1 0 0 1 0 0 0 0 0 0 0 0 0 1 0 1 0 0 0 0 0 0 1 1 1 0 1 0
 1 0 0]"
0,0.002155953984694227,"[1 0 0 0 1 0 1 0 1 0 0 0 1 1 0 0 1 0 0 1 0 1 1 0 0 0 0 1 1 0 1 0 1 1 0 0 0
 1 0 0]"
0,0.1635643933431418,"[1 1 0 1 0 1 0 1 1 0 0 1 1 0 1 0 1 0 0 0 1 1 1 0 0 1 0 1 1 1 0 1 1 1 1 0 1
 1 0 0]"
0,0.0003194249943602256,"[0 1 1 1 0 0 1 0 0 1 1 1 0 1 1 1 0 1 0 1 0 0 0 1 1 1 0 0 1 0 1 0 0 1 0 0 0
 0 0 1]"
0,0.000368024808989009,"[0 1 1 1 0 1 0 0 0 0 0 1 1 0 0 1 0 1 0 0 1 0 0 1 1 1 1 1 1 0 0 1 1 1 1 0 0
 1 0 0]"
0,0.9105200366597074,"[1 1 1 1 1 1 0 1 1 0 0 1 1 1 0 0 1 0 0 0 1 0 1 0 0 0 1 1 1 1 1 0 0 0 1 0 0
 1 1 0]"
0,0.004790929415010544,"[1 0 0 1 0 1 1 0 0 0 0 1 0 0 0 0 1 1 0 1 1 1 0 1 0 0 1 0 0 0 0 1 1 1 0 0 1
 1 1 1]"
0,0.02281538876137495,"[1 0 1 0 1 1 1 1 0 1 1 0 1 0 0 1 1 1 0 1 0 1 0 0 0 0 1 1 0 1 1 1 0 1 0 1 1
 1 0 0]"
0,0.820769921403457,"[1 1 1 1 1 0 1 0 1 1 1 1 1 1 1 0 0 1 0 0 1 0 0 0 0 0 1 0 0 1 1 0 0 1 0 1 1
 1 0 0]"
0,0.616866692618864,"[1 1 1 1 0 0 1 1 1 1 1 0 1 1 0 1 0 0 1 1 0 0 1 1 0 1 0 0 0 1 0 0 1 0 1 0 1
 1 1 0]"
0,0.11910761882720698,"[1 1 0 0 1 1 1 0 1 1 1 0 1 1 1 1 0 1 0 1 1 0 1 1 0 0 1 0 1 0 1 0 1 0 0 0 1
 1 0 0]"
0,0.007521013950319907,"[1 0 0 1 1 1 0 0 1 1 1 1 1 1 0 1 0 0 0 0 1 0 0 0 1 1 0 0 0 1 0 0 0 0 0 0 1
 0 1 0]"
0,0.13071310824190396,"[1 1 0 1 0 0 0 0 1 1 0 1 1 1 1 0 0 0 1 1 0 1 0 0 0 1 0 1 0 1 1 1 1 1 1 0 0
 1 1 1]"
0,0.6402018625974107,"[1 1 1 1 0 1 0 0 1 1 0 1 0 1 0 1 0 1 1 1 1 1 1 0 0 1 1 1 0 1 1 0 1 0 0 0 0
 1 1 1]"
0,0.0001799381561832118,"[0 1 1 0 1 1 0 0 0 0 0 1 0 1 0 0 1 1 1 0 1 1 0 0 0 1 0 1 0 1 0 0 0 0 0 0 0
 0 1 0]"
0,0.00016599692198985882,"[0 1 1 0 1 0 1 1 0 0 1 1 0 1 1 0 1 0 1 0 1 1 1 1 1 1 1 1 0 0 0 1 1 0 1 1 0
 1 0 1]"
0,0.007068492751783139,"[1 0 0 1 1 1 0 0 0 0 0 0 0 1 0 0 0 1 1 0 1 0 1 1 0 0 1 0 1 0 0 1 1 1 1 0 1
 1 1 0]"
0,0.09496267685301812,"[1 1 0 0 1 0 1 0 0 1 0 0 1 1 0 0 1 0 1 1 1 0 0 1 1 1 0 0 1 0 1 0 1 1 0 1 1
 1 0 1]"
0,0.005441742019893168,"[1 0 0 1 0 1 1 1 1 1 1 1 1 1 0 1 0 1 0 1 0 0 1 1 1 1 0 1 1 1 0 0 0 1 0 1 1
 1 1 1]"
0,0.4240546777709918,"[1 1 1 0 1 0 1 0 1 1 1 1 0 1 0 0 0 0 1 0 0 0 0 0 1 1 0 0 1 1 1 1 0 1 0 1 1
 1 0 1]"
0,0.012437295529995401,"[1 0 1 0 0 1 0 1 0 0 0 1 0 1 1 0 0 0 1 1 1 1 0 1 1 1 0 0 1 0 1 0 0 0 1 1 1
 0 0 1]"
0,0.8208976700776389,"[1 1 1 1 1 0 1 0 1 1 1 1 1 1 1 1 0 1 0 0 1 0 0 0 0 0 1 0 0 1 1 1 0 1 0 1 1
 1 0 0]"
0,0.003613985740956588,"[1 0 0 1 0 0 0 1 1 1 1 0 0 1 0 0 1 1 1 1 0 1 1 1 0 0 0 1 1 0 0 1 1 1 1 0 0
 0 1 1]"
0,0.04435091913501874,"[1 0 1 1 1 0 1 1 0 1 1 1 1 0 0 0 0 0 1 0 0 1 1 0 0 0 0 0 0 1 1 0 1 0 0 0 1
 0 1 1]"
0,0.21721608941571977,"[1 1 0 1 1 0 1 1 1 1 0 0 0 0 0 0 0 0 0 0 1 0 0 1 0 1 0 0 1 1 1 0 0 1 1 0 0
 1 0 1]"
0,0.027919160845103982,"[1 0 1 1 0 0 1 0 1 1 1 1 1 1 0 1 1 0 0 1 0 1 1 1 0 1 0 1 1 0 1 0 1 1 0 0 1
 1 0 0]"
0,0.21530890155162064,"[1 1 0 1 1 0 1 1 1 0 0 0 1 1 1 0 0 1 1 1 0 0 1 0 0 1 0 0 1 1 1 0 1 0 0 0 0
 1 1 0]"
0,0.07484760454077213,"[1 1 0 0 0 1 0 1 1 0 0 0 1 0 1 0 1 0 0 0 1 1 1 0 0 0 0 1 1 1 0 1 1 1 1 0 1
 1 0 0]"
0,1.322817640813442e-07,"[0 0 1 1 0 1 0 0 1 0 0 0 0 1 1 1 0 0 1 0 0 0 1 1 1 1 0 1 1 0 1 1 0 0 1 0 0
 0 1 1]"
0,0.00016599692198985882,"[0 1 1 0 1 0 1 1 0 0 1 1 0 1 1 0 1 0 1 0 1 1 1 1 1 1 1 1 0 0 0 1 1 0 1 1 0
 1 0 1]"
0,0.9914893433570765,"[1 1 1 1 1 1 1 1 1 1 0 0 1 0 0 0 0 0 0 0 0 0 1 0 1 0 0 0 0 0 0 1 1 1 0 1 0
 1 0 0]"
step,fitness,genome
1,0.9196061791103342,"[1 1 1 1 1 1 0 1 1 1 0 1 1 1 0 1 0 0 0 0 1 0 1 0 0 0 0 1 1 1 1 1 1 0 1 0 0
 1 1 0]"
1,0.981925491784718,"[1 1 1 1 1 1 1 1 1 0 0 0 1 0 0 0 1 0 0 1 0 0 1 0 1 0 0 0 0 0 0 1 0 1 0 1 0
 1 0 1]"
1,0.9914893433570765,"[1 1 1 1 1 1 1 1 1 1 0 0 1 0 0 0 0 0 0 0 0 0 1 0 1 0 0 0 0 0 0 1 1 1 0 1 0
 1 0 0]"
1,0.9257275315479315,"[1 1 1 1 1 1 1 0 0 0 0 0 1 0 0 0 0 0 1 0 1 0 1 1 1 0 1 0 0 0 0 0 1 0 0 0 1
 1 0 0]"
1,0.09555108080322564,"[1 1 0 0 1 0 1 0 0 1 1 0 1 1 0 0 1 0 1 1 1 0 0 1 1 1 0 0 1 0 1 0 1 1 0 1 1
 1 0 1]"
1,0.8208976700776389,"[1 1 1 1 1 0 1 0 1 1 1 1 1 1 1 1 0 1 0 0 1 0 0 0 0 0 1 0 0 1 1 1 0 1 0 1 1
 1 0 0]"
1,0.03478415918874915,"[1 0 1 1 0 1 1 0 1 1 1 1 1 0 0 0 0 0 1 0 0 0 0 1 0 0 0 0 0 0 0 0 0 0 0 1 1
 1 1 1]"
1,0.8345237120529458,"[1 1 1 1 1 0 1 1 0 1 1 0 1 0 0 1 0 0 1 0 0 1 1 0 1 0 0 0 0 1 1 0 1 0 0 0 0
 0 0 0]"
1,0.6668229019904309,"[1 1 1 1 0 1 0 1 1 1 0 1 0 1 0 1 0 1 0 1 1 1 1 0 0 1 1 1 0 1 1 0 1 0 0 0 0
 1 1 1]"
1,0.9105200366597074,"[1 1 1 1 1 1 0 1 1 0 0 1 1 1 0 0 1 0 0 0 1 0 1 0 0 0 1 1 1 1 1 0 0 0 1 0 0
 1 1 0]"
1,4.482348775778194e-05,"[0 1 0 1 1 1 1 0 0 0 0 0 1 1 1 0 1 0 0 0 1 1 1 1 0 0 1 0 0 1 0 0 0 0 0 0 0
 1 1 0]"
1,0.8432907193840177,"[1 1 1 1 1 0 1 1 1 0 1 0 1 1 0 0 0 1 1 1 0 0 1 0 0 1 1 0 1 0 1 0 1 0 0 0 0
 1 1 0]"
1,0.9105200366597074,"[1 1 1 1 1 1 0 1 1 0 0 1 1 1 0 0 1 0 0 0 1 0 1 0 0 0 1 1 1 1 1 0 0 0 1 0 0
 1 1 0]"
1,0.26051818612566763,"[1 1 0 1 1 1 1 1 1 1 0 0 1 0 0 0 0 0 0 0 0 0 1 0 1 0 0 0 0 0 1 1 1 1 0 1 0
 1 1 0]"
1,0.9921235885038951,"[1 1 1 1 1 1 1 1 1 1 0 0 1 1 0 0 0 0 1 1 0 0 1 0 1 0 0 0 0 0 0 0 1 0 0 1 0
 1 1 0]"
1,0.21514854632710553,"[1 1 0 1 1 0 1 1 1 0 0 0 1 0 1 0 0 1 0 0 0 0 1 0 0 1 0 0 1 1 1 1 1 1 0 0 0
 1 0 0]"
1,0.6756498889356491,"[1 1 1 1 0 1 1 0 0 0 1 0 1 0 0 0 0 0 1 0 1 1 1 1 0 0 1 0 0 1 0 0 1 0 0 0 0
 1 1 1]"
1,0.9914893433570765,"[1 1 1 1 1 1 1 1 1 1 0 0 1 0 0 0 0 0 0 0 0 0 1 0 1 0 0 0 0 0 0 1 1 1 0 1 0
 1 0 0]"
1,0.6966247191799932,"[1 1 1 1 0 1 1 0 1 1 1 0 1 0 0 1 0 0 1 0 0 0 0 1 1 0 0 0 0 0 0 0 0 0 0 1 0
 0 0 0]"
1,0.8208976700776389,"[1 1 1 1 1 0 1 0 1 1 1 1 1 1 1 1 0 1 0 0 1 0 0 0 0 0 1 0 0 1 1 1 0 1 0 1 1
 1 0 0]"
1,0.9257275315479315,"[1 1 1 1 1 1 1 0 0 0 0 0 1 0 0 0 0 0 1 0 1 0 1 1 1 0 1 0 0 0 0 0 1 0 0 0 1
 1 0 0]"
1,0.6689272417689807,"[1 1 1 1 0 1 0 1 1 1 1 0 1 0 0 1 0 0 1 1 0 0 1 1 1 0 0 0 0 0 0 0 0 0 0 1 0
 1 1 0]"
1,0.03179526707377262,"[1 0 1 1 0 1 0 1 0 1 0 1 0 1 0 1 0 0 1 0 1 1 1 0 0 0 1 0 0 1 1 0 1 0 0 0 0
 1 1 1]"
1,0.8532931998390335,"[1 1 1 1 1 0 1 1 1 1 1 1 1 0 0 0 0 1 1 1 0 1 1 0 0 1 0 1 0 1 1 0 1 0 0 0 1
 0 1 1]"
1,0.6966247191799932,"[1 1 1 1 0 1 1 0 1 1 1 0 1 0 0 1 0 0 1 0 0 0 0 1 1 0 0 0 0 0 0 0 0 0 0 1 0
 0 0 0]"
1,0.940117460654873,"[1 1 1 1 1 1 1 0 0 1 1 0 1 1 0 0 1 0 0 0 1 1 1 1 0 0 1 0 0 1 0 0 0 0 0 0 0
 1 1 0]"
1,0.6668361467299216,"[1 1 1 1 0 1 0 1 1 1 0 1 0 1 0 1 0 1 1 1 1 1 1 0 0 1 1 1 0 1 1 0 1 0 0 0 0
 1 1 1]"
1,0.6966247191799932,"[1 1 1 1 0 1 1 0 1 1 1 0 1 0 0 1 0 0 1 0 0 0 0 1 1 0 0 0 0 0 0 0 0 0 0 1 0
 0 0 0]"
1,0.4745419620055616,"[1 1 1 0 1 1 0 1 1 0 0 1 1 1 0 0 1 0 0 0 1 0 1 0 0 0 1 1 1 1 1 0 0 0 1 0 0
 1 1 0]"
1,0.9309204985866548,"[1 1 1 1 1 1 1 0 0 0 1 0 1 1 0 0 1 0 0 0 1 1 1 1 0 0 1 0 0 1 0 0 0 0 0 0 0
 1 1 0]"
1,0.6668365598234434,"[1 1 1 1 0 1 0 1 1 1 0 1 0 1 0 1 0 1 1 1 1 1 1 1 0 1 1 1 0 1 1 0 0 0 0 0 0
 1 1 1]"
1,0.9105200377296752,"[1 1 1 1 1 1 0 1 1 0 0 1 1 1 0 0 1 0 0 0 1 0 1 0 0 0 1 1 1 1 1 0 1 0 1 0 0
 1 1 0]"
1,0.8188558682742082,"[1 1 1 1 1 0 1 0 1 1 1 0 1 1 1 1 0 1 0 0 1 0 0 0 0 0 1 0 0 1 1 1 0 1 0 1 1
 1 0 0]"
1,0.9108093288224162,"[1 1 1 1 1 1 0 1 1 0 0 1 1 1 1 0 1 0 0 1 1 0 1 0 0 0 1 1 1 1 1 0 0 0 1 0 0
 1 1 0]"
1,0.9102418485679894,"[1 1 1 1 1 1 0 1 1 0 0 1 1 0 1 0 1 0 0 0 1 1 1 0 0 1 0 1 1 1 0 1 1 1 1 0 1
 1 0 0]"
1,0.16798442785316928,"[1 1 0 1 0 1 1 0 0 0 1 0 1 1 0 0 1 0 0 0 1 1 1 1 0 0 1 0 0 1 0 0 0 0 0 0 0
 1 1 0]"
1,0.9914893433570765,"[1 1 1 1 1 1 1 1 1 1 0 0 1 0 0 0 0 0 0 0 0 0 1 0 1 0 0 0 0 0 0 1 1 1 0 1 0
 1 0 0]"
1,0.05395944037441546,"[1 0 1 1 1 1 1 1 0 0 1 0 1 1 1 0 1 0 0 0 1 1 1 1 0 0 1 0 0 1 0 0 0 0 0 0 0
 1 1 0]"
1,0.8005603574416125,"[1 1 1 1 1 0 1 0 0 1 0 1 1 1 1 0 0 1 0 0 1 0 1 0 0 0 1 0 0 1 1 0 1 1 0 0 1
 1 0 0]"
1,0.6434771279350395,"[1 1 1 1 0 1 0 0 1 1 1 1 0 1 0 1 0 1 1 1 1 1 0 0 0 1 1 1 0 1 0 0 0 0 0 1 0
 1 1 1]"
1,0.6966247192062692,"[1 1 1 1 0 1 1 0 1 1 1 0 1 0 0 1 0 0 1 0 0 0 0 1 1 0 0 0 0 0 0 0 0 0 0 1 0
 1 0 0]"
1,0.7036606715941051,"[1 1 1 1 0 1 1 1 0 0 1 0 1 0 0 0 1 0 1 0 1 1 1 1 0 0 1 0 0 1 0 0 1 0 0 0 0
 1 1 1]"
1,0.07829797254079579,"[1 1 0 0 0 1 1 0 0 1 1 0 1 1 1 0 1 1 1 1 1 0 1 0 1 0 0 1 0 1 0 1 1 1 1 0 0
 0 1 1]"
1,0.3564842218452367,"[1 1 1 0 0 1 1 0 1 1 1 0 1 0 0 1 0 0 1 0 0 0 0 1 1 0 0 0 0 0 0 0 0 0 0 1 0
 1 0 0]"
1,0.6668361467299216,"[1 1 1 1 0 1 0 1 1 1 0 1 0 1 0 1 0 1 1 1 1 1 1 0 0 1 1 1 0 1 1 0 1 0 0 0 0
 1 1 1]"
1,0.8208976700776389,"[1 1 1 1 1 0 1 0 1 1 1 1 1 1 1 1 0 1 0 0 1 0 0 0 0 0 1 0 0 1 1 1 0 1 0 1 1
 1 0 0]"
1,0.6756498889356491,"[1 1 1 1 0 1 1 0 0 0 1 0 1 0 0 0 0 0 1 0 1 1 1 1 0 0 1 0 0 1 0 0 1 0 0 0 0
 1 1 1]"
1,0.9916502374002836,"[1 1 1 1 1 1 1 1 1 1 0 0 1 0 0 1 0 0 0 1 0 0 1 0 1 0 0 0 0 0 0 1 1 1 0 1 0
 1 0 0]"
1,0.8126490541718914,"[1 1 1 1 1 0 1 0 1 0 1 1 1 1 1 0 0 1 1 0 1 1 0 0 0 0 1 0 0 1 1 1 0 1 0 1 1
 1 0 1]"
1,0.9772778958161666,"[1 1 1 1 1 1 1 1 0 1 1 0 1 0 0 1 1 0 0 0 1 0 1 1 0 0 1 0 0 1 0 0 1 0 0 0 0
 1 1 0]"
1,0.6756498889356491,"[1 1 1 1 0 1 1 0 0 0 1 0 1 0 0 0 0 0 1 0 1 1 1 1 0 0 1 0 0 1 0 0 1 0 0 0 0
 1 1 1]"
1,0.9914893433570765,"[1 1 1 1 1 1 1 1 1 1 0 0 1 0 0 0 0 0 0 0 0 0 1 0 1 0 0 0 0 0 0 1 1 1 0 1 0
 1 0 0]"
1,0.8208936309363136,"[1 1 1 1 1 0 1 0 1 1 1 1 1 1 1 1 0 1 0 0 0 0 0 0 0 0 0 0 1 1 1 1 0 1 0 1 1
 1 0 0]"
1,0.9916502374002836,"[1 1 1 1 1 1 1 1 1 1 0 0 1 0 0 1 0 0 0 1 0 0 1 0 1 0 0 0 0 0 0 1 1 1 0 1 0
 1 0 0]"
1,0.9105200366262709,"[1 1 1 1 1 1 0 1 1 0 0 1 1 1 0 0 1 0 0 0 1 0 1 0 0 0 1 1 1 1 1 0 0 0 1 0 0
 0 1 0]"
1,0.4554344271418608,"[1 1 1 0 1 1 0 0 1 0 1 0 0 0 1 1 0 0 0 0 1 1 1 0 1 1 0 1 1 1 0 1 1 0 0 0 1
 0 1 1]"
1,0.9105199981241499,"[1 1 1 1 1 1 0 1 1 0 0 1 1 1 0 0 1 0 0 0 1 0 1 0 0 0 1 0 1 1 0 0 0 0 1 0 0
 1 0 0]"
1,0.8208977012832187,"[1 1 1 1 1 0 1 0 1 1 1 1 1 1 1 1 0 1 0 0 1 0 0 0 0 0 1 1 0 1 1 1 0 1 0 1 1
 1 1 0]"
1,0.4553592525498359,"[1 1 1 0 1 1 0 0 1 0 1 0 0 0 1 0 0 0 0 0 1 1 1 0 1 1 0 1 1 1 0 1 1 0 0 0 1
 0 1 1]"
1,0.9105200366597074,"[1 1 1 1 1 1 0 1 1 0 0 1 1 1 0 0 1 0 0 0 1 0 1 0 0 0 1 1 1 1 1 0 0 0 1 0 0
 1 1 0]"
1,0.820898856294007,"[1 1 1 1 1 0 1 0 1 1 1 1 1 1 1 1 0 1 0 0 1 0 1 0 1 0 0 0 0 1 1 1 1 1 0 1 1
 1 0 1]"
1,0.4554337290919423,"[1 1 1 0 1 1 0 0 1 0 1 0 0 0 1 1 0 0 0 0 1 1 0 0 0 1 1 1 1 1 0 1 0 0 0 0 1
 0 1 0]"
1,0.6422104457819209,"[1 1 1 1 0 1 0 0 1 1 1 0 1 0 0 1 0 0 1 0 0 0 0 1 1 0 0 0 0 0 0 0 0 0 0 1 0
 1 0 0]"
1,0.9108005611779901,"[1 1 1 1 1 1 0 1 1 0 0 1 1 1 1 0 1 0 0 0 1 0 1 0 0 0 1 1 1 1 1 0 0 0 1 0 0
 1 1 0]"
1,0.6966247192062692,"[1 1 1 1 0 1 1 0 1 1 1 0 1 0 0 1 0 0 1 0 0 0 0 1 1 0 0 0 0 0 0 0 0 0 0 1 0
 1 0 0]"
1,0.6909206420116841,"[1 1 1 1 0 1 1 0 1 0 1 1 0 1 0 1 0 0 1 0 1 1 1 0 1 0 1 1 0 1 1 1 1 0 0 1 0
 0 1 0]"
1,0.6401890574986384,"[1 1 1 1 0 1 0 0 1 1 0 1 0 1 0 1 0 1 0 1 1 1 1 0 0 1 0 1 1 1 1 0 1 0 0 0 0
 0 1 0]"
1,0.4554344546915887,"[1 1 1 0 1 1 0 0 1 0 1 0 0 0 1 1 0 0 0 0 1 1 1 0 1 1 1 1 0 1 0 1 1 0 0 0 1
 1 1 1]"
1,0.017349891534467102,"[1 0 1 0 1 0 1 0 1 0 1 0 1 1 0 0 1 1 0 0 0 1 0 1 1 1 0 1 1 0 0 1 1 1 1 0 0
 0 1 1]"
1,0.6909206420116841,"[1 1 1 1 0 1 1 0 1 0 1 1 0 1 0 1 0 0 1 0 1 1 1 0 1 0 1 1 0 1 1 1 1 0 0 1 0
 0 1 0]"
1,0.6600594810047149,"[1 1 1 1 0 1 0 1 1 0 0 1 0 1 0 1 0 0 1 1 1 1 1 0 0 1 1 1 0 1 1 0 1 0 0 0 0
 1 1 1]"
1,0.667145713127277,"[1 1 1 1 0 1 0 1 1 1 0 1 1 0 0 0 0 1 1 0 1 0 1 0 0 0 1 1 1 0 1 0 1 0 1 0 0
 1 1 1]"
1,0.04507089791355914,"[1 0 1 1 1 0 1 1 1 1 0 0 0 1 0 1 0 1 1 1 1 1 1 0 0 1 1 1 1 1 1 0 1 0 0 0 0
 1 1 1]"
1,0.616866692618864,"[1 1 1 1 0 0 1 1 1 1 1 0 1 1 0 1 0 0 1 1 0 0 1 1 0 1 0 0 0 1 0 0 1 0 1 0 1
 1 1 0]"
1,0.0006531840257597904,"[0 1 1 1 1 0 1 0 1 1 1 1 0 1 0 0 0 1 0 0 1 0 0 1 0 1 0 0 0 1 1 1 0 1 1 0 0
 1 0 1]"
1,0.2176410258849204,"[1 1 0 1 1 0 1 1 1 1 0 0 1 0 1 1 0 0 0 0 1 0 0 0 0 0 1 0 1 1 1 0 0 1 0 1 1
 1 0 0]"
1,0.6369091391751907,"[1 1 1 1 0 1 0 0 1 0 1 1 0 1 0 1 0 0 1 0 1 1 1 0 1 0 1 1 0 1 1 1 1 0 0 1 0
 0 1 0]"
1,0.4240546777709918,"[1 1 1 0 1 0 1 0 1 1 1 1 0 1 0 0 0 0 1 0 0 0 0 0 1 1 0 0 1 1 1 1 0 1 0 1 1
 1 0 1]"
1,0.2605181847324545,"[1 1 0 1 1 1 1 1 1 1 0 0 1 0 0 0 0 0 0 0 0 0 1 0 1 0 0 0 0 0 0 1 1 1 0 1 0
 1 0 0]"
1,0.820769921403457,"[1 1 1 1 1 0 1 0 1 1 1 1 1 1 1 0 0 1 0 0 1 0 0 0 0 0 1 0 0 1 1 0 0 1 0 1 1
 1 0 0]"
1,0.4554344271418608,"[1 1 1 0 1 1 0 0 1 0 1 0 0 0 1 1 0 0 0 0 1 1 1 0 1 1 0 1 1 1 0 1 1 0 0 0 1
 0 1 1]"
1,0.6966247192062692,"[1 1 1 1 0 1 1 0 1 1 1 0 1 0 0 1 0 0 1 0 0 0 0 1 1 0 0 0 0 0 0 0 0 0 0 1 0
 1 0 0]"
1,0.9916502374002836,"[1 1 1 1 1 1 1 1 1 1 0 0 1 0 0 1 0 0 0 1 0 0 1 0 1 0 0 0 0 0 0 1 1 1 0 1 0
 1 0 0]"
1,0.6402018625974107,"[1 1 1 1 0 1 0 0 1 1 0 1 0 1 0 1 0 1 1 1 1 1 1 0 0 1 1 1 0 1 1 0 1 0 0 0 0
 1 1 1]"
1,0.8208976856728138,"[1 1 1 1 1 0 1 0 1 1 1 1 1 1 1 1 0 1 0 0 1 0 0 0 0 0 1 0 1 1 1 1 0 1 0 1 1
 1 0 0]"
1,0.6402018625974107,"[1 1 1 1 0 1 0 0 1 1 0 1 0 1 0 1 0 1 1 1 1 1 1 0 0 1 1 1 0 1 1 0 1 0 0 0 0
 1 1 1]"
1,0.4566387406333506,"[1 1 1 0 1 1 0 0 1 0 1 1 0 0 1 1 0 0 0 0 1 1 1 0 1 1 0 1 1 1 0 1 1 0 0 0 1
 0 1 1]"
1,0.8208976700776389,"[1 1 1 1 1 0 1 0 1 1 1 1 1 1 1 1 0 1 0 0 1 0 0 0 0 0 1 0 0 1 1 1 0 1 0 1 1
 1 0 0]"
1,0.7231151151896142,"[1 1 1 1 0 1 1 1 1 1 0 1 0 1 0 1 0 1 1 1 1 0 1 0 0 1 1 0 0 1 1 0 1 0 0 0 0
 1 1 1]"
1,0.9166370011325135,"[1 1 1 1 1 1 0 1 1 1 0 0 1 0 0 0 0 0 0 0 0 1 1 0 1 0 0 1 0 0 0 1 1 1 0 1 0
 1 0 0]"
1,0.820769921403457,"[1 1 1 1 1 0 1 0 1 1 1 1 1 1 1 0 0 1 0 0 1 0 0 0 0 0 1 0 0 1 1 0 0 1 0 1 1
 1 0 0]"
1,0.09733603304252703,"[1 1 0 0 1 0 1 0 1 1 0 0 1 1 0 0 1 0 1 1 1 0 0 1 1 1 0 0 1 0 1 0 1 1 0 1 1
 1 0 1]"
1,0.03282377876900329,"[1 0 1 1 0 1 0 1 1 1 1 0 1 0 0 1 0 0 1 1 0 0 1 1 1 0 0 0 0 0 0 0 0 0 0 1 0
 1 1 0]"
1,0.6668361467299216,"[1 1 1 1 0 1 0 1 1 1 0 1 0 1 0 1 0 1 1 1 1 1 1 0 0 1 1 1 0 1 1 0 1 0 0 0 0
 1 1 1]"
1,0.6909206420116841,"[1 1 1 1 0 1 1 0 1 0 1 1 0 1 0 1 0 0 1 0 1 1 1 0 1 0 1 1 0 1 1 1 1 0 0 1 0
 0 1 0]"
1,0.6689272417689807,"[1 1 1 1 0 1 0 1 1 1 1 0 1 0 0 1 0 0 1 1 0 0 1 1 1 0 0 0 0 0 0 0 0 0 0 1 0
 1 1 0]"
1,0.8208976700852537,"[1 1 1 1 1 0 1 0 1 1 1 1 1 1 1 1 0 1 0 0 1 0 0 0 0 0 1 0 0 1 1 1 0 1 0 1 1
 1 0 1]"
1,0.6668361467299216,"[1 1 1 1 0 1 0 1 1 1 0 1 0 1 0 1 0 1 1 1 1 1 1 0 0 1 1 1 0 1 1 0 1 0 0 0 0
 1 1 1]"
1,0.9916409981289641,"[1 1 1 1 1 1 1 1 1 1 0 0 1 0 0 1 0 0 0 0 0 0 1 0 1 1 1 0 0 0 1 1 1 0 0 0 0
 1 0 0]"
1,0.6943458961772964,"[1 1 1 1 0 1 1 0 1 1 0 1 0 1 0 0 0 1 1 0 1 1 0 0 0 1 0 1 0 1 0 0 1 1 0 0 0
 1 0 1]"
step,fitness,genome
2,0.6668361402563903,"[1 1 1 1 0 1 0 1 1 1 0 1 0 1 0 1 0 1 1 1 1 1 1 0 0 1 1 1 0 0 1 0 1 0 0 0 0
 1 1 0]"
2,0.9246249256194786,"[1 1 1 1 1 1 1 0 0 0 0 0 0 0 0 0 0 1 1 0 1 0 1 1 1 0 1 0 0 1 0 0 1 0 0 0 1
 1 0 1]"
2,0.9105200366597074,"[1 1 1 1 1 1 0 1 1 0 0 1 1 1 0 0 1 0 0 0 1 0 1 0 0 0 1 1 1 1 1 0 0 0 1 0 0
 1 1 0]"
2,0.9401174628573128,"[1 1 1 1 1 1 1 0 0 1 1 0 1 1 0 0 1 0 0 0 1 1 1 1 0 0 1 0 0 1 0 1 0 0 0 0 0
 1 1 0]"
2,0.8345237120529458,"[1 1 1 1 1 0 1 1 0 1 1 0 1 0 0 1 0 0 1 0 0 1 1 0 1 0 0 0 0 1 1 0 1 0 0 0 0
 0 0 0]"
2,0.9916409981289641,"[1 1 1 1 1 1 1 1 1 1 0 0 1 0 0 1 0 0 0 0 0 0 1 0 1 1 1 0 0 0 1 1 1 0 0 0 0
 1 0 0]"
2,0.9655364615544653,"[1 1 1 1 1 1 1 1 0 0 0 1 1 0 1 0 1 0 0 0 1 1 1 0 1 1 1 1 1 1 0 1 1 1 1 0 1
 1 0 0]"
2,0.8724949375622094,"[1 1 1 1 1 1 0 0 1 0 0 0 1 0 0 0 0 0 1 0 1 0 1 1 0 0 0 0 0 0 0 0 1 0 0 0 1
 1 0 0]"
2,0.6966247192062692,"[1 1 1 1 0 1 1 0 1 1 1 0 1 0 0 1 0 0 1 0 0 0 0 1 1 0 0 0 0 0 0 0 0 0 0 1 0
 1 0 0]"
2,0.9105203105714959,"[1 1 1 1 1 1 0 1 1 0 0 1 1 1 0 0 1 0 0 0 1 0 1 0 1 0 1 1 1 1 1 0 0 0 1 0 0
 1 1 0]"
2,0.940117460654873,"[1 1 1 1 1 1 1 0 0 1 1 0 1 1 0 0 1 0 0 0 1 1 1 1 0 0 1 0 0 1 0 0 0 0 0 0 0
 1 1 0]"
2,0.9309204985866548,"[1 1 1 1 1 1 1 0 0 0 1 0 1 1 0 0 1 0 0 0 1 1 1 1 0 0 1 0 0 1 0 0 0 0 0 0 0
 1 1 0]"
2,0.9916409981289641,"[1 1 1 1 1 1 1 1 1 1 0 0 1 0 0 1 0 0 0 0 0 0 1 0 1 1 1 0 0 0 1 1 1 0 0 0 0
 1 0 0]"
2,0.9105200366597074,"[1 1 1 1 1 1 0 1 1 0 0 1 1 1 0 0 1 0 0 0 1 0 1 0 0 0 1 1 1 1 1 0 0 0 1 0 0
 1 1 0]"
2,0.7234071196407661,"[1 1 1 1 0 1 1 1 1 1 0 1 1 0 0 0 0 0 0 0 1 0 1 0 0 0 1 0 1 0 0 0 1 0 1 0 0
 1 0 0]"
2,0.9166877111175781,"[1 1 1 1 1 1 0 1 1 1 0 0 1 0 0 0 0 1 1 0 0 0 1 0 1 0 0 1 0 0 1 1 1 1 0 1 0
 1 1 1]"
2,0.8432907193840177,"[1 1 1 1 1 0 1 1 1 0 1 0 1 1 0 0 0 1 1 1 0 0 1 0 0 1 1 0 1 0 1 0 1 0 0 0 0
 1 1 0]"
2,0.9916409981289641,"[1 1 1 1 1 1 1 1 1 1 0 0 1 0 0 1 0 0 0 0 0 0 1 0 1 1 1 0 0 0 1 1 1 0 0 0 0
 1 0 0]"
2,0.9914893433570765,"[1 1 1 1 1 1 1 1 1 1 0 0 1 0 0 0 0 0 0 0 0 0 1 0 1 0 0 0 0 0 0 1 1 1 0 1 0
 1 0 0]"
2,0.9916502374002836,"[1 1 1 1 1 1 1 1 1 1 0 0 1 0 0 1 0 0 0 1 0 0 1 0 1 0 0 0 0 0 0 1 1 1 0 1 0
 1 0 0]"
2,0.9677565430302717,"[1 1 1 1 1 1 1 1 0 0 1 0 1 0 0 1 1 0 0 0 1 1 1 1 0 0 1 0 0 1 0 0 0 0 0 0 0
 1 1 0]"
2,0.8687738884093128,"[1 1 1 1 1 1 0 0 0 1 1 0 1 1 0 0 1 0 0 0 1 0 1 1 0 0 1 0 0 1 0 0 1 0 0 0 0
 1 1 0]"
2,0.6668361467299216,"[1 1 1 1 0 1 0 1 1 1 0 1 0 1 0 1 0 1 1 1 1 1 1 0 0 1 1 1 0 1 1 0 1 0 0 0 0
 1 1 1]"
2,0.9105200366429891,"[1 1 1 1 1 1 0 1 1 0 0 1 1 1 0 0 1 0 0 0 1 0 1 0 0 0 1 1 1 1 1 0 0 0 1 0 0
 1 0 0]"
2,0.9914893433570765,"[1 1 1 1 1 1 1 1 1 1 0 0 1 0 0 0 0 0 0 0 0 0 1 0 1 0 0 0 0 0 0 1 1 1 0 1 0
 1 0 0]"
2,0.853293199823264,"[1 1 1 1 1 0 1 1 1 1 1 1 1 0 0 0 0 1 1 1 0 1 1 0 0 1 0 1 0 1 1 0 1 0 0 0 1
 0 0 1]"
2,0.9105200377296752,"[1 1 1 1 1 1 0 1 1 0 0 1 1 1 0 0 1 0 0 0 1 0 1 0 0 0 1 1 1 1 1 0 1 0 1 0 0
 1 1 0]"
2,0.9914893433570765,"[1 1 1 1 1 1 1 1 1 1 0 0 1 0 0 0 0 0 0 0 0 0 1 0 1 0 0 0 0 0 0 1 1 1 0 1 0
 1 0 0]"
2,0.9921235931274853,"[1 1 1 1 1 1 1 1 1 1 0 0 1 1 0 0 0 0 1 1 0 0 1 0 1 0 0 0 0 0 1 0 1 0 0 1 0
 1 1 0]"
2,0.9921235885038951,"[1 1 1 1 1 1 1 1 1 1 0 0 1 1 0 0 0 0 1 1 0 0 1 0 1 0 0 0 0 0 0 0 1 0 0 1 0
 1 1 0]"
2,0.8065749832969323,"[1 1 1 1 1 0 1 0 1 0 0 0 1 1 1 0 0 1 0 0 1 0 0 0 0 0 1 0 0 0 1 1 0 1 0 1 1
 1 0 0]"
2,0.9988672056399884,"[1 1 1 1 1 1 1 1 1 1 1 1 1 0 0 0 1 0 0 1 0 0 1 0 1 0 0 0 0 1 0 0 0 1 0 1 0
 1 0 1]"
2,0.9634113286656573,"[1 1 1 1 1 1 1 1 0 0 0 0 1 1 0 0 0 0 1 0 1 0 1 1 1 0 1 0 0 0 0 0 1 0 0 1 0
 1 1 0]"
2,0.9534284838429674,"[1 1 1 1 1 1 1 0 1 1 0 0 1 0 0 0 0 0 1 1 0 0 1 0 1 0 0 0 0 0 0 0 1 0 0 0 1
 1 0 0]"
2,0.23633224183248602,"[1 1 0 1 1 1 0 1 1 0 0 1 1 1 0 0 1 0 0 0 1 0 1 0 0 0 1 1 1 1 1 0 0 0 1 0 0
 1 1 0]"
2,0.8208976700776389,"[1 1 1 1 1 0 1 0 1 1 1 1 1 1 1 1 0 1 0 0 1 0 0 0 0 0 1 0 0 1 1 1 0 1 0 1 1
 1 0 0]"
2,0.9916409981289641,"[1 1 1 1 1 1 1 1 1 1 0 0 1 0 0 1 0 0 0 0 0 0 1 0 1 1 1 0 0 0 1 1 1 0 0 0 0
 1 0 0]"
2,0.2390329040049644,"[1 1 0 1 1 1 0 1 1 1 0 1 1 1 0 1 0 0 0 0 1 0 1 0 0 0 0 1 1 1 1 1 1 0 1 0 0
 1 1 0]"
2,0.9921235885038951,"[1 1 1 1 1 1 1 1 1 1 0 0 1 1 0 0 0 0 1 1 0 0 1 0 1 0 0 0 0 0 0 0 1 0 0 1 0
 1 1 0]"
2,0.8532931998390335,"[1 1 1 1 1 0 1 1 1 1 1 1 1 0 0 0 0 1 1 1 0 1 1 0 0 1 0 1 0 1 1 0 1 0 0 0 1
 0 1 1]"
2,0.9309204985866548,"[1 1 1 1 1 1 1 0 0 0 1 0 1 1 0 0 1 0 0 0 1 1 1 1 0 0 1 0 0 1 0 0 0 0 0 0 0
 1 1 0]"
2,0.6966316071997659,"[1 1 1 1 0 1 1 0 1 1 1 0 1 0 0 1 0 0 1 1 0 0 0 1 1 0 0 0 0 0 0 0 0 0 0 0 0
 0 0 0]"
2,0.9102418485679894,"[1 1 1 1 1 1 0 1 1 0 0 1 1 0 1 0 1 0 0 0 1 1 1 0 0 1 0 1 1 1 0 1 1 1 1 0 1
 1 0 0]"
2,0.9166370011325135,"[1 1 1 1 1 1 0 1 1 1 0 0 1 0 0 0 0 0 0 0 0 1 1 0 1 0 0 1 0 0 0 1 1 1 0 1 0
 1 0 0]"
2,0.9108005611779901,"[1 1 1 1 1 1 0 1 1 0 0 1 1 1 1 0 1 0 0 0 1 0 1 0 0 0 1 1 1 1 1 0 0 0 1 0 0
 1 1 0]"
2,0.8208976856728138,"[1 1 1 1 1 0 1 0 1 1 1 1 1 1 1 1 0 1 0 0 1 0 0 0 0 0 1 0 1 1 1 1 0 1 0 1 1
 1 0 0]"
2,0.9822257446254665,"[1 1 1 1 1 1 1 1 1 0 0 0 1 0 1 0 1 0 0 1 0 0 1 0 1 0 0 0 0 0 1 1 0 1 0 1 0
 1 0 1]"
2,0.9108093288224162,"[1 1 1 1 1 1 0 1 1 0 0 1 1 1 1 0 1 0 0 1 1 0 1 0 0 0 1 1 1 1 1 0 0 0 1 0 0
 1 1 0]"
2,0.6668229020914794,"[1 1 1 1 0 1 0 1 1 1 0 1 0 1 0 1 0 1 0 1 1 1 1 0 0 1 1 1 0 1 1 0 1 0 0 1 0
 1 1 1]"
2,0.9916502374002836,"[1 1 1 1 1 1 1 1 1 1 0 0 1 0 0 1 0 0 0 1 0 0 1 0 1 0 0 0 0 0 0 1 1 1 0 1 0
 1 0 0]"
2,0.9914893434292785,"[1 1 1 1 1 1 1 1 1 1 0 0 1 0 0 0 0 0 0 0 0 0 1 0 1 0 0 0 0 0 0 1 1 1 0 1 1
 1 0 0]"
2,0.9108093288224162,"[1 1 1 1 1 1 0 1 1 0 0 1 1 1 1 0 1 0 0 1 1 0 1 0 0 0 1 1 1 1 1 0 0 0 1 0 0
 1 1 0]"
2,0.8208976700776389,"[1 1 1 1 1 0 1 0 1 1 1 1 1 1 1 1 0 1 0 0 1 0 0 0 0 0 1 0 0 1 1 1 0 1 0 1 1
 1 0 0]"
2,0.9921235885038951,"[1 1 1 1 1 1 1 1 1 1 0 0 1 1 0 0 0 0 1 1 0 0 1 0 1 0 0 0 0 0 0 0 1 0 0 1 0
 1 1 0]"
2,0.6894995525547464,"[1 1 1 1 0 1 1 0 1 0 1 0 1 0 0 0 0 0 1 0 1 1 1 0 0 0 1 0 0 1 0 0 1 0 0 0 0
 1 1 1]"
2,0.8927279189704228,"[1 1 1 1 1 1 0 1 0 0 0 1 1 1 0 0 1 0 0 0 1 0 1 1 0 0 1 1 1 1 1 0 0 0 1 0 0
 1 1 0]"
2,0.9257275315479315,"[1 1 1 1 1 1 1 0 0 0 0 0 1 0 0 0 0 0 1 0 1 0 1 1 1 0 1 0 0 0 0 0 1 0 0 0 1
 1 0 0]"
2,0.8126490544133612,"[1 1 1 1 1 0 1 0 1 0 1 1 1 1 1 0 0 1 1 0 1 1 0 0 0 0 1 0 0 1 1 1 0 1 1 1 1
 1 0 1]"
2,0.9916502374002836,"[1 1 1 1 1 1 1 1 1 1 0 0 1 0 0 1 0 0 0 1 0 0 1 0 1 0 0 0 0 0 0 1 1 1 0 1 0
 1 0 0]"
2,0.9105200366597074,"[1 1 1 1 1 1 0 1 1 0 0 1 1 1 0 0 1 0 0 0 1 0 1 0 0 0 1 1 1 1 1 0 0 0 1 0 0
 1 1 0]"
2,0.9916502374002836,"[1 1 1 1 1 1 1 1 1 1 0 0 1 0 0 1 0 0 0 1 0 0 1 0 1 0 0 0 0 0 0 1 1 1 0 1 0
 1 0 0]"
2,0.9309204985866548,"[1 1 1 1 1 1 1 0 0 0 1 0 1 1 0 0 1 0 0 0 1 1 1 1 0 0 1 0 0 1 0 0 0 0 0 0 0
 1 1 0]"
2,0.9772773121154671,"[1 1 1 1 1 1 1 1 0 1 1 0 1 0 0 1 1 0 0 0 1 0 1 0 0 0 1 0 0 1 0 0 1 0 0 1 0
 1 1 0]"
2,0.820898699374985,"[1 1 1 1 1 0 1 0 1 1 1 1 1 1 1 1 0 1 0 0 1 0 1 0 0 0 1 1 0 1 1 1 0 1 0 1 1
 1 1 0]"
2,0.991574519638571,"[1 1 1 1 1 1 1 1 1 1 0 0 1 0 0 0 1 0 0 1 0 0 1 0 1 0 0 0 0 0 0 1 1 1 0 1 0
 1 0 1]"
2,0.7143340750480708,"[1 1 1 1 0 1 1 1 1 0 0 0 1 0 0 0 0 0 0 0 0 0 1 0 1 0 0 0 0 0 0 1 0 1 0 1 0
 1 0 0]"
2,0.9102418485679894,"[1 1 1 1 1 1 0 1 1 0 0 1 1 0 1 0 1 0 0 0 1 1 1 0 0 1 0 1 1 1 0 1 1 1 1 0 1
 1 0 0]"
2,0.9916502374002836,"[1 1 1 1 1 1 1 1 1 1 0 0 1 0 0 1 0 0 0 1 0 0 1 0 1 0 0 0 0 0 0 1 1 1 0 1 0
 1 0 0]"
2,0.9922751070306347,"[1 1 1 1 1 1 1 1 1 1 0 0 1 1 0 1 0 0 1 1 0 0 1 0 1 0 0 0 0 0 0 1 1 0 0 1 0
 1 1 0]"
2,0.055676021019704654,"[1 0 1 1 1 1 1 1 1 1 0 0 1 0 0 0 0 0 0 1 0 0 1 0 1 0 0 0 0 0 0 0 1 1 0 1 0
 1 0 0]"
2,0.8987366956362688,"[1 1 1 1 1 1 0 1 0 1 0 0 1 0 0 0 0 0 0 0 0 1 1 0 1 0 0 1 0 0 0 1 1 1 0 1 0
 1 0 0]"
2,0.9820007709993284,"[1 1 1 1 1 1 1 1 1 0 0 0 1 0 0 1 0 0 0 1 0 0 1 0 1 1 1 0 0 0 1 1 1 0 0 0 0
 1 0 0]"
2,0.8885333101181757,"[1 1 1 1 1 1 0 0 1 1 1 1 1 1 1 0 0 0 0 0 1 0 0 0 1 0 1 0 0 1 0 1 0 1 1 1 1
 1 0 0]"
2,0.8470364673706049,"[1 1 1 1 1 0 1 1 1 1 0 0 1 0 0 1 0 0 0 0 0 0 1 0 0 0 0 0 0 0 1 1 1 1 0 1 0
 1 0 0]"
2,0.7185337829645084,"[1 1 1 1 0 1 1 1 1 0 1 0 1 1 0 1 0 0 1 0 1 0 1 0 1 0 1 1 0 1 1 1 1 0 0 1 0
 0 1 0]"
2,0.9453307843015427,"[1 1 1 1 1 1 1 0 1 0 0 1 0 0 0 0 1 0 0 1 0 1 1 0 1 0 0 0 0 0 0 1 0 1 0 1 0
 1 0 1]"
2,0.9916502374002836,"[1 1 1 1 1 1 1 1 1 1 0 0 1 0 0 1 0 0 0 1 0 0 1 0 1 0 0 0 0 0 0 1 1 1 0 1 0
 1 0 0]"
2,0.9257275315479315,"[1 1 1 1 1 1 1 0 0 0 0 0 1 0 0 0 0 0 1 0 1 0 1 1 1 0 1 0 0 0 0 0 1 0 0 0 1
 1 0 0]"
2,0.9939147071193972,"[1 1 1 1 1 1 1 1 1 1 0 1 1 0 0 0 0 0 0 0 0 0 1 0 1 0 0 0 0 0 0 1 1 1 0 1 0
 1 0 0]"
2,0.9921235885038951,"[1 1 1 1 1 1 1 1 1 1 0 0 1 1 0 0 0 0 1 1 0 0 1 0 1 0 0 0 0 0 0 0 1 0 0 1 0
 1 1 0]"
2,0.8490264131616245,"[1 1 1 1 1 0 1 1 1 1 0 1 1 0 0 0 0 0 1 0 0 0 1 0 1 0 0 0 0 0 0 1 1 1 0 1 0
 1 1 0]"
2,0.9963952130141683,"[1 1 1 1 1 1 1 1 1 1 1 0 1 0 0 0 0 1 0 1 0 1 1 0 0 1 0 1 0 1 1 0 1 0 0 0 1
 0 0 1]"
2,0.2605637312679474,"[1 1 0 1 1 1 1 1 1 1 0 0 1 0 0 1 0 0 0 0 0 0 1 0 1 1 1 0 0 0 1 1 1 0 0 0 0
 1 0 0]"
2,0.981925491784718,"[1 1 1 1 1 1 1 1 1 0 0 0 1 0 0 0 1 0 0 1 0 0 1 0 1 0 0 0 0 0 0 1 0 1 0 1 0
 1 0 1]"
2,0.9924076984893714,"[1 1 1 1 1 1 1 1 1 1 0 0 1 1 1 0 0 0 0 1 0 0 1 0 1 0 0 0 0 0 0 0 1 0 0 1 0
 1 1 0]"
2,0.6966247192062692,"[1 1 1 1 0 1 1 0 1 1 1 0 1 0 0 1 0 0 1 0 0 0 0 1 1 0 0 0 0 0 0 0 0 0 0 1 0
 1 0 0]"
2,0.9108093288224162,"[1 1 1 1 1 1 0 1 1 0 0 1 1 1 1 0 1 0 0 1 1 0 1 0 0 0 1 1 1 1 1 0 0 0 1 0 0
 1 1 0]"
2,0.9196061791103342,"[1 1 1 1 1 1 0 1 1 1 0 1 1 1 0 1 0 0 0 0 1 0 1 0 0 0 0 1 1 1 1 1 1 0 1 0 0
 1 1 0]"
2,0.9916409981289641,"[1 1 1 1 1 1 1 1 1 1 0 0 1 0 0 1 0 0 0 0 0 0 1 0 1 1 1 0 0 0 1 1 1 0 0 0 0
 1 0 0]"
2,0.9914893433570765,"[1 1 1 1 1 1 1 1 1 1 0 0 1 0 0 0 0 0 0 0 0 0 1 0 1 0 0 0 0 0 0 1 1 1 0 1 0
 1 0 0]"
2,0.8432907193840177,"[1 1 1 1 1 0 1 1 1 0 1 0 1 1 0 0 0 1 1 1 0 0 1 0 0 1 1 0 1 0 1 0 1 0 0 0 0
 1 1 0]"
2,0.9916502374002836,"[1 1 1 1 1 1 1 1 1 1 0 0 1 0 0 1 0 0 0 1 0 0 1 0 1 0 0 0 0 0 0 1 1 1 0 1 0
 1 0 0]"
2,0.8930029669216696,"[1 1 1 1 1 1 0 1 0 0 0 1 1 1 1 0 1 0 0 0 1 0 1 0 0 0 1 1 1 1 1 0 0 0 1 0 0
 1 1 0]"
2,0.9916502374002836,"[1 1 1 1 1 1 1 1 1 1 0 0 1 0 0 1 0 0 0 1 0 0 1 0 1 0 0 0 0 0 0 1 1 1 0 1 0
 1 0 0]"
2,0.8208976700776389,"[1 1 1 1 1 0 1 0 1 1 1 1 1 1 1 1 0 1 0 0 1 0 0 0 0 0 1 0 0 1 1 1 0 1 0 1 1
 1 0 0]"
2,0.9916502374002836,"[1 1 1 1 1 1 1 1 1 1 0 0 1 0 0 1 0 0 0 1 0 0 1 0 1 0 0 0 0 0 0 1 1 1 0 1 0
 1 0 0]"
2,0.9916502372558584,"[1 1 1 1 1 1 1 1 1 1 0 0 1 0 0 1 0 0 0 1 0 0 1 0 1 0 0 0 0 0 0 1 1 1 0 0 0
 1 0 0]"
2,0.9916407024932028,"[1 1 1 1 1 1 1 1 1 1 0 0 1 0 0 1 0 0 0 0 0 0 1 0 0 1 1 0 0 0 1 1 1 0 0 1 0
 1 0 0]"
2,0.9928577289410068,"[1 1 1 1 1 1 1 1 1 1 0 1 0 0 0 1 0 0 0 0 1 0 1 0 1 0 0 1 0 0 0 1 1 1 0 1 0
 1 0 0]"
2,0.6658797976414523,"[1 1 1 1 0 1 0 1 1 1 0 0 1 1 0 0 0 1 1 1 0 1 1 0 0 1 1 0 0 1 1 0 1 0 0 0 0
 1 1 1]"
step,fitness,genome
3,0.9916502374002836,"[1 1 1 1 1 1 1 1 1 1 0 0 1 0 0 1 0 0 0 1 0 0 1 0 1 0 0 0 0 0 0 1 1 1 0 1 0
 1 0 0]"
3,0.9922561663649428,"[1 1 1 1 1 1 1 1 1 1 0 0 1 1 0 1 0 0 0 1 0 0 1 0 1 0 0 0 0 0 0 1 1 0 0 1 0
 1 1 0]"
3,0.9493961167394638,"[1 1 1 1 1 1 1 0 1 0 1 0 1 1 0 0 1 0 0 0 1 1 1 1 0 0 1 0 0 1 0 0 0 0 0 0 0
 1 1 0]"
3,0.9914893433570765,"[1 1 1 1 1 1 1 1 1 1 0 0 1 0 0 0 0 0 0 0 0 0 1 0 1 0 0 0 0 0 0 1 1 1 0 1 0
 1 0 0]"
3,0.9401174628573128,"[1 1 1 1 1 1 1 0 0 1 1 0 1 1 0 0 1 0 0 0 1 1 1 1 0 0 1 0 0 1 0 1 0 0 0 0 0
 1 1 0]"
3,0.9916502374002836,"[1 1 1 1 1 1 1 1 1 1 0 0 1 0 0 1 0 0 0 1 0 0 1 0 1 0 0 0 0 0 0 1 1 1 0 1 0
 1 0 0]"
3,0.9921235954392804,"[1 1 1 1 1 1 1 1 1 1 0 0 1 1 0 0 0 0 1 1 0 0 1 0 1 0 0 0 0 0 1 1 1 0 0 1 0
 1 1 0]"
3,0.9916502350894811,"[1 1 1 1 1 1 1 1 1 1 0 0 1 0 0 1 0 0 0 1 0 0 1 0 1 0 0 0 0 0 0 0 1 1 0 1 0
 1 0 0]"
3,0.9820005472407287,"[1 1 1 1 1 1 1 1 1 0 0 0 1 0 0 1 0 0 0 1 0 0 1 0 1 0 0 0 0 0 0 1 1 1 0 1 0
 1 0 0]"
3,0.9914893433570765,"[1 1 1 1 1 1 1 1 1 1 0 0 1 0 0 0 0 0 0 0 0 0 1 0 1 0 0 0 0 0 0 1 1 1 0 1 0
 1 0 0]"
3,0.9677565430302717,"[1 1 1 1 1 1 1 1 0 0 1 0 1 0 0 1 1 0 0 0 1 1 1 1 0 0 1 0 0 1 0 0 0 0 0 0 0
 1 1 0]"
3,0.9939147117504992,"[1 1 1 1 1 1 1 1 1 1 0 1 1 0 0 0 0 0 0 0 0 0 1 0 1 0 0 0 0 0 1 1 1 1 0 1 0
 1 0 0]"
3,0.9822263311286887,"[1 1 1 1 1 1 1 1 1 0 0 0 1 0 1 0 1 0 0 1 0 0 1 1 1 0 0 0 0 0 1 1 0 1 0 1 0
 1 0 1]"
3,0.9916409981289641,"[1 1 1 1 1 1 1 1 1 1 0 0 1 0 0 1 0 0 0 0 0 0 1 0 1 1 1 0 0 0 1 1 1 0 0 0 0
 1 0 0]"
3,0.9928577289410068,"[1 1 1 1 1 1 1 1 1 1 0 1 0 0 0 1 0 0 0 0 1 0 1 0 1 0 0 1 0 0 0 1 1 1 0 1 0
 1 0 0]"
3,0.9924076984893714,"[1 1 1 1 1 1 1 1 1 1 0 0 1 1 1 0 0 0 0 1 0 0 1 0 1 0 0 0 0 0 0 0 1 0 0 1 0
 1 1 0]"
3,0.9822257446970611,"[1 1 1 1 1 1 1 1 1 0 0 0 1 0 1 0 1 0 0 1 0 0 1 0 1 0 0 0 0 0 1 1 0 1 0 1 1
 1 0 1]"
3,0.9916502374002836,"[1 1 1 1 1 1 1 1 1 1 0 0 1 0 0 1 0 0 0 1 0 0 1 0 1 0 0 0 0 0 0 1 1 1 0 1 0
 1 0 0]"
3,0.9916502376891339,"[1 1 1 1 1 1 1 1 1 1 0 0 1 0 0 1 0 0 0 1 0 0 1 0 1 0 0 0 0 0 0 1 1 1 1 1 0
 1 0 0]"
3,0.9928577289410068,"[1 1 1 1 1 1 1 1 1 1 0 1 0 0 0 1 0 0 0 0 1 0 1 0 1 0 0 1 0 0 0 1 1 1 0 1 0
 1 0 0]"
3,0.9928577289410068,"[1 1 1 1 1 1 1 1 1 1 0 1 0 0 0 1 0 0 0 0 1 0 1 0 1 0 0 1 0 0 0 1 1 1 0 1 0
 1 0 0]"
3,0.9916502374002836,"[1 1 1 1 1 1 1 1 1 1 0 0 1 0 0 1 0 0 0 1 0 0 1 0 1 0 0 0 0 0 0 1 1 1 0 1 0
 1 0 0]"
3,0.9916502372558584,"[1 1 1 1 1 1 1 1 1 1 0 0 1 0 0 1 0 0 0 1 0 0 1 0 1 0 0 0 0 0 0 1 1 1 0 0 0
 1 0 0]"
3,0.9630232145317069,"[1 1 1 1 1 1 1 1 0 0 0 0 1 0 0 1 1 0 0 0 1 0 1 0 0 0 1 0 0 1 0 0 1 0 0 1 0
 1 1 0]"
3,0.9916549700059423,"[1 1 1 1 1 1 1 1 1 1 0 0 1 0 0 1 0 0 0 1 1 0 1 0 1 0 0 0 0 0 0 1 1 1 0 1 1
 1 0 0]"
3,0.9914893434292785,"[1 1 1 1 1 1 1 1 1 1 0 0 1 0 0 0 0 0 0 0 0 0 1 0 1 0 0 0 0 0 0 1 1 1 0 1 1
 1 0 0]"
3,0.910528801873724,"[1 1 1 1 1 1 0 1 1 0 0 1 1 1 0 0 1 0 0 1 1 0 1 0 0 0 1 1 1 1 1 0 0 0 1 0 0
 1 1 0]"
3,0.9921235885038951,"[1 1 1 1 1 1 1 1 1 1 0 0 1 1 0 0 0 0 1 1 0 0 1 0 1 0 0 0 0 0 0 0 1 0 0 1 0
 1 1 0]"
3,0.9988672056399884,"[1 1 1 1 1 1 1 1 1 1 1 1 1 0 0 0 1 0 0 1 0 0 1 0 1 0 0 0 0 1 0 0 0 1 0 1 0
 1 0 1]"
3,0.9921235885038951,"[1 1 1 1 1 1 1 1 1 1 0 0 1 1 0 0 0 0 1 1 0 0 1 0 1 0 0 0 0 0 0 0 1 0 0 1 0
 1 1 0]"
3,0.9036741464723659,"[1 1 1 1 1 1 0 1 0 1 1 0 1 0 1 1 1 0 0 0 1 1 1 1 0 0 1 1 1 1 0 0 0 0 0 0 0
 1 1 0]"
3,0.9849361891683354,"[1 1 1 1 1 1 1 1 1 0 0 1 1 1 0 0 1 0 0 1 1 0 1 0 0 0 1 0 0 1 1 0 0 0 1 0 0
 1 1 0]"
3,0.9963952130141683,"[1 1 1 1 1 1 1 1 1 1 1 0 1 0 0 0 0 1 0 1 0 1 1 0 0 1 0 1 0 1 1 0 1 0 0 0 1
 0 0 1]"
3,0.9921235885038951,"[1 1 1 1 1 1 1 1 1 1 0 0 1 1 0 0 0 0 1 1 0 0 1 0 1 0 0 0 0 0 0 0 1 0 0 1 0
 1 1 0]"
3,0.05568737352767535,"[1 0 1 1 1 1 1 1 1 1 0 0 1 0 0 1 0 0 0 1 0 0 1 0 1 1 0 0 0 0 0 1 1 1 0 1 0
 1 0 0]"
3,0.9916408502388616,"[1 1 1 1 1 1 1 1 1 1 0 0 1 0 0 1 0 0 0 0 0 0 1 0 1 0 1 0 0 0 1 1 1 0 0 0 0
 1 0 0]"
3,0.9919436229946439,"[1 1 1 1 1 1 1 1 1 1 0 0 1 0 1 1 0 0 0 0 0 0 1 0 0 1 1 0 0 0 1 1 1 0 0 1 0
 1 0 0]"
3,0.054960094284631,"[1 0 1 1 1 1 1 1 1 0 0 0 1 0 0 0 1 0 0 1 0 0 1 0 1 0 0 0 0 0 1 1 0 1 0 1 0
 1 0 1]"
3,0.9922751070306347,"[1 1 1 1 1 1 1 1 1 1 0 0 1 1 0 1 0 0 1 1 0 0 1 0 1 0 0 0 0 0 0 1 1 0 0 1 0
 1 1 0]"
3,0.9916409981289641,"[1 1 1 1 1 1 1 1 1 1 0 0 1 0 0 1 0 0 0 0 0 0 1 0 1 1 1 0 0 0 1 1 1 0 0 0 0
 1 0 0]"
3,0.9921235885038951,"[1 1 1 1 1 1 1 1 1 1 0 0 1 1 0 0 0 0 1 1 0 0 1 0 1 0 0 0 0 0 0 0 1 0 0 1 0
 1 1 0]"
3,0.2607541831451034,"[1 1 0 1 1 1 1 1 1 1 0 0 1 1 0 1 0 0 1 1 0 0 1 0 1 0 0 0 0 0 0 1 1 0 0 1 0
 1 1 0]"
3,0.9988672056399884,"[1 1 1 1 1 1 1 1 1 1 1 1 1 0 0 0 1 0 0 1 0 0 1 0 1 0 0 0 0 1 0 0 0 1 0 1 0
 1 0 1]"
3,0.0009603156972163147,"[0 1 1 1 1 1 1 1 1 1 0 0 1 0 0 1 0 0 0 1 0 0 1 0 1 0 0 0 0 0 0 1 1 1 0 1 0
 1 0 0]"
3,0.9309204985866548,"[1 1 1 1 1 1 1 0 0 0 1 0 1 1 0 0 1 0 0 0 1 1 1 1 0 0 1 0 0 1 0 0 0 0 0 0 0
 1 1 0]"
3,0.055687362451211475,"[1 0 1 1 1 1 1 1 1 1 0 0 1 0 0 1 0 0 0 1 0 0 1 0 1 0 0 0 0 0 0 1 1 1 0 1 0
 1 0 0]"
3,0.9916502374002836,"[1 1 1 1 1 1 1 1 1 1 0 0 1 0 0 1 0 0 0 1 0 0 1 0 1 0 0 0 0 0 0 1 1 1 0 1 0
 1 0 0]"
3,0.9916502374002836,"[1 1 1 1 1 1 1 1 1 1 0 0 1 0 0 1 0 0 0 1 0 0 1 0 1 0 0 0 0 0 0 1 1 1 0 1 0
 1 0 0]"
3,0.9916502374002836,"[1 1 1 1 1 1 1 1 1 1 0 0 1 0 0 1 0 0 0 1 0 0 1 0 1 0 0 0 0 0 0 1 1 1 0 1 0
 1 0 0]"
3,0.9401355031974994,"[1 1 1 1 1 1 1 0 0 1 1 0 1 1 0 0 1 0 1 0 1 1 1 1 0 0 1 0 0 1 0 0 0 0 0 0 0
 1 1 0]"
3,0.953556398141705,"[1 1 1 1 1 1 1 0 1 1 0 0 1 0 0 1 0 0 0 1 0 0 1 0 1 0 0 0 0 0 0 1 0 1 0 0 0
 1 0 0]"
3,0.9963952130141683,"[1 1 1 1 1 1 1 1 1 1 1 0 1 0 0 0 0 1 0 1 0 1 1 0 0 1 0 1 0 1 1 0 1 0 0 0 1
 0 0 1]"
3,0.9921235885038951,"[1 1 1 1 1 1 1 1 1 1 0 0 1 1 0 0 0 0 1 1 0 0 1 0 1 0 0 0 0 0 0 0 1 0 0 1 0
 1 1 0]"
3,0.9916502374002836,"[1 1 1 1 1 1 1 1 1 1 0 0 1 0 0 1 0 0 0 1 0 0 1 0 1 0 0 0 0 0 0 1 1 1 0 1 0
 1 0 0]"
3,0.9916502374002836,"[1 1 1 1 1 1 1 1 1 1 0 0 1 0 0 1 0 0 0 1 0 0 1 0 1 0 0 0 0 0 0 1 1 1 0 1 0
 1 0 0]"
3,0.9914893433570765,"[1 1 1 1 1 1 1 1 1 1 0 0 1 0 0 0 0 0 0 0 0 0 1 0 1 0 0 0 0 0 0 1 1 1 0 1 0
 1 0 0]"
3,0.9922561669248982,"[1 1 1 1 1 1 1 1 1 1 0 0 1 1 0 1 0 0 0 1 0 0 1 0 1 0 0 0 0 0 0 1 1 1 0 1 0
 1 0 0]"
3,0.9915177306908395,"[1 1 1 1 1 1 1 1 1 1 0 0 1 0 0 0 0 0 1 1 0 0 1 0 1 0 0 0 0 0 0 0 0 0 0 1 0
 1 1 0]"
3,0.9921238173535718,"[1 1 1 1 1 1 1 1 1 1 0 0 1 1 0 0 0 0 1 1 0 0 1 0 1 1 1 0 0 0 1 1 1 0 0 1 0
 1 0 0]"
3,0.9916407693795232,"[1 1 1 1 1 1 1 1 1 1 0 0 1 0 0 1 0 0 0 0 0 0 1 0 1 0 0 0 0 0 0 0 1 0 0 0 0
 1 1 0]"
3,0.9939147071193972,"[1 1 1 1 1 1 1 1 1 1 0 1 1 0 0 0 0 0 0 0 0 0 1 0 1 0 0 0 0 0 0 1 1 1 0 1 0
 1 0 0]"
3,0.9916502374002836,"[1 1 1 1 1 1 1 1 1 1 0 0 1 0 0 1 0 0 0 1 0 0 1 0 1 0 0 0 0 0 0 1 1 1 0 1 0
 1 0 0]"
3,0.9990197228645433,"[1 1 1 1 1 1 1 1 1 1 1 1 1 0 0 1 1 0 0 1 0 0 1 0 1 0 1 0 0 1 0 0 0 1 0 1 0
 1 0 1]"
3,0.9914894951257532,"[1 1 1 1 1 1 1 1 1 1 0 0 1 0 0 0 0 0 0 0 0 0 1 0 1 1 0 0 0 0 1 1 1 0 0 0 0
 1 0 0]"
3,0.9916502374002836,"[1 1 1 1 1 1 1 1 1 1 0 0 1 0 0 1 0 0 0 1 0 0 1 0 1 0 0 0 0 0 0 1 1 1 0 1 0
 1 0 0]"
3,0.9634113286656573,"[1 1 1 1 1 1 1 1 0 0 0 0 1 1 0 0 0 0 1 0 1 0 1 1 1 0 1 0 0 0 0 0 1 0 0 1 0
 1 1 0]"
3,0.9922751071028881,"[1 1 1 1 1 1 1 1 1 1 0 0 1 1 0 1 0 0 1 1 0 0 1 0 1 0 0 0 0 0 0 1 1 0 0 1 1
 1 1 0]"
3,0.991574519638571,"[1 1 1 1 1 1 1 1 1 1 0 0 1 0 0 0 1 0 0 1 0 0 1 0 1 0 0 0 0 0 0 1 1 1 0 1 0
 1 0 1]"
3,0.9921235885038951,"[1 1 1 1 1 1 1 1 1 1 0 0 1 1 0 0 0 0 1 1 0 0 1 0 1 0 0 0 0 0 0 0 1 0 0 1 0
 1 1 0]"
3,0.9916502374002836,"[1 1 1 1 1 1 1 1 1 1 0 0 1 0 0 1 0 0 0 1 0 0 1 0 1 0 0 0 0 0 0 1 1 1 0 1 0
 1 0 0]"
3,0.9724262204390064,"[1 1 1 1 1 1 1 1 0 1 0 0 1 0 0 1 0 0 0 0 0 0 1 0 1 0 1 0 0 0 0 0 1 1 0 0 0
 1 0 0]"
3,0.9429971425172448,"[1 1 1 1 1 1 1 0 1 0 0 0 0 0 0 0 0 1 1 1 1 0 1 1 1 0 0 0 0 1 0 1 1 0 0 0 1
 1 0 1]"
3,0.9916502372558584,"[1 1 1 1 1 1 1 1 1 1 0 0 1 0 0 1 0 0 0 1 0 0 1 0 1 0 0 0 0 0 0 1 1 1 0 0 0
 1 0 0]"
3,0.9916502374002836,"[1 1 1 1 1 1 1 1 1 1 0 0 1 0 0 1 0 0 0 1 0 0 1 0 1 0 0 0 0 0 0 1 1 1 0 1 0
 1 0 0]"
3,0.97317968923799,"[1 1 1 1 1 1 1 1 0 1 0 0 1 1 1 0 0 0 0 1 0 0 1 0 1 0 0 0 0 0 0 0 1 0 0 0 0
 1 1 0]"
3,0.9493961168783384,"[1 1 1 1 1 1 1 0 1 0 1 0 1 1 0 0 1 0 0 0 1 1 1 1 0 0 1 0 0 1 0 0 0 0 0 1 0
 1 1 0]"
3,0.9916502374002836,"[1 1 1 1 1 1 1 1 1 1 0 0 1 0 0 1 0 0 0 1 0 0 1 0 1 0 0 0 0 0 0 1 1 1 0 1 0
 1 0 0]"
3,0.9820756055871974,"[1 1 1 1 1 1 1 1 1 0 0 0 1 0 0 1 1 0 0 1 0 0 1 0 1 0 0 0 0 0 0 1 0 1 0 1 0
 1 0 1]"
3,0.9922751070306347,"[1 1 1 1 1 1 1 1 1 1 0 0 1 1 0 1 0 0 1 1 0 0 1 0 1 0 0 0 0 0 0 1 1 0 0 1 0
 1 1 0]"
3,0.9928577289410068,"[1 1 1 1 1 1 1 1 1 1 0 1 0 0 0 1 0 0 0 0 1 0 1 0 1 0 0 1 0 0 0 1 1 1 0 1 0
 1 0 0]"
3,0.9922751070306347,"[1 1 1 1 1 1 1 1 1 1 0 0 1 1 0 1 0 0 1 1 0 0 1 0 1 0 0 0 0 0 0 1 1 0 0 1 0
 1 1 0]"
3,0.9940666957256376,"[1 1 1 1 1 1 1 1 1 1 0 1 1 0 0 1 0 0 0 0 0 0 1 0 1 1 1 0 0 0 1 1 1 0 0 0 0
 1 0 0]"
3,0.9920951890991938,"[1 1 1 1 1 1 1 1 1 1 0 0 1 1 0 0 0 0 0 0 0 0 1 0 1 0 0 0 0 0 1 1 1 1 0 1 1
 1 0 0]"
3,0.9916409935073981,"[1 1 1 1 1 1 1 1 1 1 0 0 1 0 0 1 0 0 0 0 0 0 1 0 1 1 1 0 0 0 0 1 1 0 0 0 0
 1 0 0]"
3,0.9915177410972251,"[1 1 1 1 1 1 1 1 1 1 0 0 1 0 0 0 0 0 1 1 0 0 1 0 1 0 0 0 0 1 0 0 1 0 0 1 0
 1 1 1]"
3,0.9921235931274853,"[1 1 1 1 1 1 1 1 1 1 0 0 1 1 0 0 0 0 1 1 0 0 1 0 1 0 0 0 0 0 1 0 1 0 0 1 0
 1 1 0]"
3,0.9634113286656573,"[1 1 1 1 1 1 1 1 0 0 0 0 1 1 0 0 0 0 1 0 1 0 1 1 1 0 1 0 0 0 0 0 1 0 0 1 0
 1 1 0]"
3,0.991574519638571,"[1 1 1 1 1 1 1 1 1 1 0 0 1 0 0 0 1 0 0 1 0 0 1 0 1 0 0 0 0 0 0 1 1 1 0 1 0
 1 0 1]"
3,0.9916409981289641,"[1 1 1 1 1 1 1 1 1 1 0 0 1 0 0 1 0 0 0 0 0 0 1 0 1 1 1 0 0 0 1 1 1 0 0 0 0
 1 0 0]"
3,0.9909122451354567,"[1 1 1 1 1 1 1 1 1 1 0 0 0 1 0 0 0 0 1 1 0 0 1 0 1 0 0 1 0 0 0 0 1 0 0 1 0
 1 1 0]"
3,0.9916408464116278,"[1 1 1 1 1 1 1 1 1 1 0 0 1 0 0 1 0 0 0 0 0 0 1 0 1 0 1 0 0 0 0 1 1 1 0 1 1
 1 0 0]"
3,0.9916503891911256,"[1 1 1 1 1 1 1 1 1 1 0 0 1 0 0 1 0 0 0 1 0 0 1 0 1 1 0 0 0 0 1 1 1 0 0 0 0
 1 0 0]"
3,0.9916502374002836,"[1 1 1 1 1 1 1 1 1 1 0 0 1 0 0 1 0 0 0 1 0 0 1 0 1 0 0 0 0 0 0 1 1 1 0 1 0
 1 0 0]"
3,0.9916409980928581,"[1 1 1 1 1 1 1 1 1 1 0 0 1 0 0 1 0 0 0 0 0 0 1 0 1 1 1 0 0 0 1 1 1 0 0 0 0
 0 0 0]"
3,0.9988315217563358,"[1 1 1 1 1 1 1 1 1 1 1 1 1 0 0 0 0 1 0 1 0 1 1 0 1 0 0 1 0 1 1 0 0 1 0 1 0
 1 0 1]"
3,0.9964308185536043,"[1 1 1 1 1 1 1 1 1 1 1 0 1 0 0 0 1 0 0 1 0 0 1 0 0 1 0 0 0 1 0 0 1 0 0 0 1
 0 0 1]"
3,0.9921235931274853,"[1 1 1 1 1 1 1 1 1 1 0 0 1 1 0 0 0 0 1 1 0 0 1 0 1 0 0 0 0 0 1 0 1 0 0 1 0
 1 1 0]"
3,0.9916409981289641,"[1 1 1 1 1 1 1 1 1 1 0 0 1 0 0 1 0 0 0 0 0 0 1 0 1 1 1 0 0 0 1 1 1 0 0 0 0
 1 0 0]"
3,0.9921141240554338,"[1 1 1 1 1 1 1 1 1 1 0 0 1 1 0 0 0 0 1 0 0 0 1 0 1 0 0 0 0 0 1 0 1 0 0 1 0
 1 1 0]"
3,0.9916409241839104,"[1 1 1 1 1 1 1 1 1 1 0 0 1 0 0 1 0 0 0 0 0 0 1 0 1 1 0 0 0 0 1 1 1 0 0 0 0
 1 0 0]"
step,fitness,genome
4,0.9988672056399884,"[1 1 1 1 1 1 1 1 1 1 1 1 1 0 0 0 1 0 0 1 0 0 1 0 1 0 0 0 0 1 0 0 0 1 0 1 0
 1 0 1]"
4,0.9964308186986558,"[1 1 1 1 1 1 1 1 1 1 1 0 1 0 0 0 1 0 0 1 0 0 1 0 0 1 0 0 0 1 0 0 1 0 0 1 1
 0 0 1]"
4,0.9939147117504992,"[1 1 1 1 1 1 1 1 1 1 0 1 1 0 0 0 0 0 0 0 0 0 1 0 1 0 0 0 0 0 1 1 1 1 0 1 0
 1 0 0]"
4,0.9916502372558584,"[1 1 1 1 1 1 1 1 1 1 0 0 1 0 0 1 0 0 0 1 0 0 1 0 1 0 0 0 0 0 0 1 1 1 0 0 0
 1 0 0]"
4,0.9921238173535718,"[1 1 1 1 1 1 1 1 1 1 0 0 1 1 0 0 0 0 1 1 0 0 1 0 1 1 1 0 0 0 1 1 1 0 0 1 0
 1 0 0]"
4,0.9921235885038951,"[1 1 1 1 1 1 1 1 1 1 0 0 1 1 0 0 0 0 1 1 0 0 1 0 1 0 0 0 0 0 0 0 1 0 0 1 0
 1 1 0]"
4,0.9990197228645433,"[1 1 1 1 1 1 1 1 1 1 1 1 1 0 0 1 1 0 0 1 0 0 1 0 1 0 1 0 0 1 0 0 0 1 0 1 0
 1 0 1]"
4,0.9988672057126738,"[1 1 1 1 1 1 1 1 1 1 1 1 1 0 0 0 1 0 0 1 0 0 1 0 1 0 0 0 0 1 0 0 0 1 0 1 1
 1 0 1]"
4,0.9916504575042326,"[1 1 1 1 1 1 1 1 1 1 0 0 1 0 0 1 0 0 0 1 0 0 1 0 1 1 1 0 0 0 0 1 0 0 0 1 0
 1 0 0]"
4,0.999496247381849,"[1 1 1 1 1 1 1 1 1 1 1 1 1 1 0 0 1 0 1 1 0 0 1 0 1 0 1 0 0 1 1 0 1 1 0 1 0
 1 0 1]"
4,0.9916502374002836,"[1 1 1 1 1 1 1 1 1 1 0 0 1 0 0 1 0 0 0 1 0 0 1 0 1 0 0 0 0 0 0 1 1 1 0 1 0
 1 0 0]"
4,0.9928576913493198,"[1 1 1 1 1 1 1 1 1 1 0 1 0 0 0 1 0 0 0 0 1 0 1 0 1 0 0 0 0 0 0 1 1 0 0 1 0
 1 0 0]"
4,0.9988672056399884,"[1 1 1 1 1 1 1 1 1 1 1 1 1 0 0 0 1 0 0 1 0 0 1 0 1 0 0 0 0 1 0 0 0 1 0 1 0
 1 0 1]"
4,0.9916502374002836,"[1 1 1 1 1 1 1 1 1 1 0 0 1 0 0 1 0 0 0 1 0 0 1 0 1 0 0 0 0 0 0 1 1 1 0 1 0
 1 0 0]"
4,0.9916502374002836,"[1 1 1 1 1 1 1 1 1 1 0 0 1 0 0 1 0 0 0 1 0 0 1 0 1 0 0 0 0 0 0 1 1 1 0 1 0
 1 0 0]"
4,0.9924076984893714,"[1 1 1 1 1 1 1 1 1 1 0 0 1 1 1 0 0 0 0 1 0 0 1 0 1 0 0 0 0 0 0 0 1 0 0 1 0
 1 1 0]"
4,0.9939147071193972,"[1 1 1 1 1 1 1 1 1 1 0 1 1 0 0 0 0 0 0 0 0 0 1 0 1 0 0 0 0 0 0 1 1 1 0 1 0
 1 0 0]"
4,0.9988505753467899,"[1 1 1 1 1 1 1 1 1 1 1 1 1 0 0 0 0 1 1 1 0 1 1 0 1 0 0 1 0 1 1 0 0 1 0 1 0
 1 0 1]"
4,0.9921238173535718,"[1 1 1 1 1 1 1 1 1 1 0 0 1 1 0 0 0 0 1 1 0 0 1 0 1 1 1 0 0 0 1 1 1 0 0 1 0
 1 0 0]"
4,0.9922751071028881,"[1 1 1 1 1 1 1 1 1 1 0 0 1 1 0 1 0 0 1 1 0 0 1 0 1 0 0 0 0 0 0 1 1 0 0 1 1
 1 1 0]"
4,0.9922751070306347,"[1 1 1 1 1 1 1 1 1 1 0 0 1 1 0 1 0 0 1 1 0 0 1 0 1 0 0 0 0 0 0 1 1 0 0 1 0
 1 1 0]"
4,0.9963951758821477,"[1 1 1 1 1 1 1 1 1 1 1 0 1 0 0 0 0 1 0 1 0 1 1 0 0 1 0 0 0 1 1 0 1 0 0 0 1
 0 0 1]"
4,0.9988672056399884,"[1 1 1 1 1 1 1 1 1 1 1 1 1 0 0 0 1 0 0 1 0 0 1 0 1 0 0 0 0 1 0 0 0 1 0 1 0
 1 0 1]"
4,0.9924076984893714,"[1 1 1 1 1 1 1 1 1 1 0 0 1 1 1 0 0 0 0 1 0 0 1 0 1 0 0 0 0 0 0 0 1 0 0 1 0
 1 1 0]"
4,0.9916502372558584,"[1 1 1 1 1 1 1 1 1 1 0 0 1 0 0 1 0 0 0 1 0 0 1 0 1 0 0 0 0 0 0 1 1 1 0 0 0
 1 0 0]"
4,0.9963952130141683,"[1 1 1 1 1 1 1 1 1 1 1 0 1 0 0 0 0 1 0 1 0 1 1 0 0 1 0 1 0 1 1 0 1 0 0 0 1
 0 0 1]"
4,0.9990387796860556,"[1 1 1 1 1 1 1 1 1 1 1 1 1 0 0 1 1 0 1 1 0 0 1 0 1 0 1 0 0 1 0 0 0 1 0 1 0
 1 0 1]"
4,0.9771326015391022,"[1 1 1 1 1 1 1 1 0 1 1 0 1 0 0 0 1 0 0 1 0 0 1 0 0 1 0 0 0 1 0 0 1 0 0 0 1
 0 0 1]"
4,0.9922751070306347,"[1 1 1 1 1 1 1 1 1 1 0 0 1 1 0 1 0 0 1 1 0 0 1 0 1 0 0 0 0 0 0 1 1 0 0 1 0
 1 1 0]"
4,0.9939147071193972,"[1 1 1 1 1 1 1 1 1 1 0 1 1 0 0 0 0 0 0 0 0 0 1 0 1 0 0 0 0 0 0 1 1 1 0 1 0
 1 0 0]"
4,0.9924076984893714,"[1 1 1 1 1 1 1 1 1 1 0 0 1 1 1 0 0 0 0 1 0 0 1 0 1 0 0 0 0 0 0 0 1 0 0 1 0
 1 1 0]"
4,0.9922751070306347,"[1 1 1 1 1 1 1 1 1 1 0 0 1 1 0 1 0 0 1 1 0 0 1 0 1 0 0 0 0 0 0 1 1 0 0 1 0
 1 1 0]"
4,0.9964308371202121,"[1 1 1 1 1 1 1 1 1 1 1 0 1 0 0 0 1 0 0 1 0 0 1 0 0 1 0 0 1 1 0 0 1 0 0 0 1
 0 0 1]"
4,0.9940666957256376,"[1 1 1 1 1 1 1 1 1 1 0 1 1 0 0 1 0 0 0 0 0 0 1 0 1 1 1 0 0 0 1 1 1 0 0 0 0
 1 0 0]"
4,0.9940666957256376,"[1 1 1 1 1 1 1 1 1 1 0 1 1 0 0 1 0 0 0 0 0 0 1 0 1 1 1 0 0 0 1 1 1 0 0 0 0
 1 0 0]"
4,0.9922751071028881,"[1 1 1 1 1 1 1 1 1 1 0 0 1 1 0 1 0 0 1 1 0 0 1 0 1 0 0 0 0 0 0 1 1 0 0 1 1
 1 1 0]"
4,0.2609291849330787,"[1 1 0 1 1 1 1 1 1 1 0 1 0 0 0 1 0 0 0 0 1 0 1 0 1 0 0 1 0 0 0 1 1 1 0 1 0
 1 0 0]"
4,0.9963952130141683,"[1 1 1 1 1 1 1 1 1 1 1 0 1 0 0 0 0 1 0 1 0 1 1 0 0 1 0 1 0 1 1 0 1 0 0 0 1
 0 0 1]"
4,0.9988315217563358,"[1 1 1 1 1 1 1 1 1 1 1 1 1 0 0 0 0 1 0 1 0 1 1 0 1 0 0 1 0 1 1 0 0 1 0 1 0
 1 0 1]"
4,0.9922751070306347,"[1 1 1 1 1 1 1 1 1 1 0 0 1 1 0 1 0 0 1 1 0 0 1 0 1 0 0 0 0 0 0 1 1 0 0 1 0
 1 1 0]"
4,0.9963952138844501,"[1 1 1 1 1 1 1 1 1 1 1 0 1 0 0 0 0 1 0 1 0 1 1 0 0 1 0 1 0 1 1 0 1 1 1 0 1
 0 0 1]"
4,0.9916503852916461,"[1 1 1 1 1 1 1 1 1 1 0 0 1 0 0 1 0 0 0 1 0 0 1 0 1 1 0 0 0 0 0 1 1 1 0 1 0
 1 0 0]"
4,0.9928577289410068,"[1 1 1 1 1 1 1 1 1 1 0 1 0 0 0 1 0 0 0 0 1 0 1 0 1 0 0 1 0 0 0 1 1 1 0 1 0
 1 0 0]"
4,0.9963952130141683,"[1 1 1 1 1 1 1 1 1 1 1 0 1 0 0 0 0 1 0 1 0 1 1 0 0 1 0 1 0 1 1 0 1 0 0 0 1
 0 0 1]"
4,0.9916502372558584,"[1 1 1 1 1 1 1 1 1 1 0 0 1 0 0 1 0 0 0 1 0 0 1 0 1 0 0 0 0 0 0 1 1 1 0 0 0
 1 0 0]"
4,0.9921235931274853,"[1 1 1 1 1 1 1 1 1 1 0 0 1 1 0 0 0 0 1 1 0 0 1 0 1 0 0 0 0 0 1 0 1 0 0 1 0
 1 1 0]"
4,0.9922751070306347,"[1 1 1 1 1 1 1 1 1 1 0 0 1 1 0 1 0 0 1 1 0 0 1 0 1 0 0 0 0 0 0 1 1 0 0 1 0
 1 1 0]"
4,0.9988862598430722,"[1 1 1 1 1 1 1 1 1 1 1 1 1 0 0 0 1 0 1 1 0 0 1 0 1 0 0 0 0 1 0 0 0 1 0 1 0
 1 0 1]"
4,0.9939147071193972,"[1 1 1 1 1 1 1 1 1 1 0 1 1 0 0 0 0 0 0 0 0 0 1 0 1 0 0 0 0 0 0 1 1 1 0 1 0
 1 0 0]"
4,0.9916408502388616,"[1 1 1 1 1 1 1 1 1 1 0 0 1 0 0 1 0 0 0 0 0 0 1 0 1 0 1 0 0 0 1 1 1 0 0 0 0
 1 0 0]"
4,0.9916502558867027,"[1 1 1 1 1 1 1 1 1 1 0 0 1 0 0 1 0 0 0 1 0 0 1 0 1 0 0 0 1 0 0 1 1 1 0 1 0
 1 0 0]"
4,0.9921235954392804,"[1 1 1 1 1 1 1 1 1 1 0 0 1 1 0 0 0 0 1 1 0 0 1 0 1 0 0 0 0 0 1 1 1 0 0 1 0
 1 1 0]"
4,0.9988315217563358,"[1 1 1 1 1 1 1 1 1 1 1 1 1 0 0 0 0 1 0 1 0 1 1 0 1 0 0 1 0 1 1 0 0 1 0 1 0
 1 0 1]"
4,0.9921235934887034,"[1 1 1 1 1 1 1 1 1 1 0 0 1 1 0 0 0 0 1 1 0 0 1 0 1 0 0 0 0 0 1 0 1 0 1 1 1
 1 1 0]"
4,0.9988672056399884,"[1 1 1 1 1 1 1 1 1 1 1 1 1 0 0 0 1 0 0 1 0 0 1 0 1 0 0 0 0 1 0 0 0 1 0 1 0
 1 0 1]"
4,0.9922751070306347,"[1 1 1 1 1 1 1 1 1 1 0 0 1 1 0 1 0 0 1 1 0 0 1 0 1 0 0 0 0 0 0 1 1 0 0 1 0
 1 1 0]"
4,0.9916502374002836,"[1 1 1 1 1 1 1 1 1 1 0 0 1 0 0 1 0 0 0 1 0 0 1 0 1 0 0 0 0 0 0 1 1 1 0 1 0
 1 0 0]"
4,0.9770976172322853,"[1 1 1 1 1 1 1 1 0 1 1 0 1 0 0 0 0 1 0 1 0 1 1 0 0 1 0 1 0 1 1 0 1 0 0 0 1
 0 0 1]"
4,0.9990194251043031,"[1 1 1 1 1 1 1 1 1 1 1 1 1 0 0 1 1 0 0 1 0 0 1 0 0 0 1 0 0 1 0 0 0 1 0 1 0
 1 0 1]"
4,0.9916503852916461,"[1 1 1 1 1 1 1 1 1 1 0 0 1 0 0 1 0 0 0 1 0 0 1 0 1 1 0 0 0 0 0 1 1 1 0 1 0
 1 0 0]"
4,0.9988315217563358,"[1 1 1 1 1 1 1 1 1 1 1 1 1 0 0 0 0 1 0 1 0 1 1 0 1 0 0 1 0 1 1 0 0 1 0 1 0
 1 0 1]"
4,0.9916409241839104,"[1 1 1 1 1 1 1 1 1 1 0 0 1 0 0 1 0 0 0 0 0 0 1 0 1 1 0 0 0 0 1 1 1 0 0 0 0
 1 0 0]"
4,0.9919427307877833,"[1 1 1 1 1 1 1 1 1 1 0 0 1 0 1 1 0 0 0 0 0 0 0 0 1 1 1 0 0 0 0 1 1 0 0 1 0
 1 0 0]"
4,0.9990194297568062,"[1 1 1 1 1 1 1 1 1 1 1 1 1 0 0 1 1 0 0 1 0 0 1 0 0 0 1 0 0 1 1 0 0 1 0 1 0
 1 0 1]"
4,0.9963952130141683,"[1 1 1 1 1 1 1 1 1 1 1 0 1 0 0 0 0 1 0 1 0 1 1 0 0 1 0 1 0 1 1 0 1 0 0 0 1
 0 0 1]"
4,0.9921141240554338,"[1 1 1 1 1 1 1 1 1 1 0 0 1 1 0 0 0 0 1 0 0 0 1 0 1 0 0 0 0 0 1 0 1 0 0 1 0
 1 1 0]"
4,0.9921232925941637,"[1 1 1 1 1 1 1 1 1 1 0 0 1 1 0 0 0 0 1 1 0 0 1 0 0 0 0 0 0 0 0 0 1 0 0 1 0
 1 1 0]"
4,0.9939147117504992,"[1 1 1 1 1 1 1 1 1 1 0 1 1 0 0 0 0 0 0 0 0 0 1 0 1 0 0 0 0 0 1 1 1 1 0 1 0
 1 0 0]"
4,0.9924076984893714,"[1 1 1 1 1 1 1 1 1 1 0 0 1 1 1 0 0 0 0 1 0 0 1 0 1 0 0 0 0 0 0 0 1 0 0 1 0
 1 1 0]"
4,0.9922561663649428,"[1 1 1 1 1 1 1 1 1 1 0 0 1 1 0 1 0 0 0 1 0 0 1 0 1 0 0 0 0 0 0 1 1 0 0 1 0
 1 1 0]"
4,0.9964296303276098,"[1 1 1 1 1 1 1 1 1 1 1 0 1 0 0 0 1 0 0 1 0 0 0 0 0 1 0 0 0 1 0 0 1 0 0 0 1
 1 0 1]"
4,0.9928577266276721,"[1 1 1 1 1 1 1 1 1 1 0 1 0 0 0 1 0 0 0 0 1 0 1 0 1 0 0 1 0 0 0 0 1 1 0 1 0
 1 0 0]"
4,0.9921141240554338,"[1 1 1 1 1 1 1 1 1 1 0 0 1 1 0 0 0 0 1 0 0 0 1 0 1 0 0 0 0 0 1 0 1 0 0 1 0
 1 1 0]"
4,0.9921141240554338,"[1 1 1 1 1 1 1 1 1 1 0 0 1 1 0 0 0 0 1 0 0 0 1 0 1 0 0 0 0 0 1 0 1 0 0 1 0
 1 1 0]"
4,0.9922751116548604,"[1 1 1 1 1 1 1 1 1 1 0 0 1 1 0 1 0 0 1 1 0 0 1 0 1 0 0 0 0 0 1 1 1 0 0 1 0
 1 1 0]"
4,0.05577781243127304,"[1 0 1 1 1 1 1 1 1 1 0 1 0 0 0 1 0 0 0 0 1 0 1 0 1 0 0 0 0 0 0 1 1 1 0 1 0
 1 0 0]"
4,0.9921242612184101,"[1 1 1 1 1 1 1 1 1 1 0 0 1 1 0 0 0 0 1 1 0 0 1 1 1 0 1 0 0 0 1 1 1 0 0 1 0
 1 0 0]"
4,0.9724726499240163,"[1 1 1 1 1 1 1 1 0 1 0 0 1 0 0 1 0 1 0 1 0 0 1 0 1 0 0 0 0 0 0 1 1 1 0 1 0
 1 0 0]"
4,0.9964308928200376,"[1 1 1 1 1 1 1 1 1 1 1 0 1 0 0 0 1 0 0 1 0 0 1 0 0 1 1 0 0 1 0 0 1 0 0 0 1
 0 0 1]"
4,0.9921235931274853,"[1 1 1 1 1 1 1 1 1 1 0 0 1 1 0 0 0 0 1 1 0 0 1 0 1 0 0 0 0 0 1 0 1 0 0 1 0
 1 1 0]"
4,0.9916551217252234,"[1 1 1 1 1 1 1 1 1 1 0 0 1 0 0 1 0 0 0 1 1 0 1 0 1 1 0 0 0 0 1 1 1 0 0 0 0
 1 0 0]"
4,0.991640702312673,"[1 1 1 1 1 1 1 1 1 1 0 0 1 0 0 1 0 0 0 0 0 0 1 0 0 1 1 0 0 0 1 1 1 0 0 0 0
 0 0 0]"
4,0.0009603157688855484,"[0 1 1 1 1 1 1 1 1 1 0 0 1 0 0 1 0 0 0 1 0 0 1 0 1 0 0 1 0 0 0 1 1 1 0 1 0
 1 0 0]"
4,0.9916503113459623,"[1 1 1 1 1 1 1 1 1 1 0 0 1 0 0 1 0 0 0 1 0 0 1 0 1 0 1 0 0 0 0 1 1 1 0 1 0
 1 0 0]"
4,0.9988672056399884,"[1 1 1 1 1 1 1 1 1 1 1 1 1 0 0 0 1 0 0 1 0 0 1 0 1 0 0 0 0 1 0 0 0 1 0 1 0
 1 0 1]"
4,0.9988315403631981,"[1 1 1 1 1 1 1 1 1 1 1 1 1 0 0 0 0 1 0 1 0 1 1 0 1 0 0 1 1 1 1 0 0 1 0 1 0
 1 0 1]"
4,0.9916503113459623,"[1 1 1 1 1 1 1 1 1 1 0 0 1 0 0 1 0 0 0 1 0 0 1 0 1 0 1 0 0 0 0 1 1 1 0 1 0
 1 0 0]"
4,0.9940663992943628,"[1 1 1 1 1 1 1 1 1 1 0 1 1 0 0 1 0 0 0 0 0 0 1 0 0 1 1 0 0 0 1 1 1 0 0 0 0
 1 0 0]"
4,0.9916549700059423,"[1 1 1 1 1 1 1 1 1 1 0 0 1 0 0 1 0 0 0 1 1 0 1 0 1 0 0 0 0 0 0 1 1 1 0 1 1
 1 0 0]"
4,0.9921235885038951,"[1 1 1 1 1 1 1 1 1 1 0 0 1 1 0 0 0 0 1 1 0 0 1 0 1 0 0 0 0 0 0 0 1 0 0 1 0
 1 1 0]"
4,0.98424517765127,"[1 1 1 1 1 1 1 1 1 0 0 1 1 0 0 0 0 0 0 0 0 0 1 0 1 0 0 0 0 0 0 1 1 1 0 1 0
 1 0 0]"
4,0.9924076984893714,"[1 1 1 1 1 1 1 1 1 1 0 0 1 1 1 0 0 0 0 1 0 0 1 0 1 0 0 0 0 0 0 0 1 0 0 1 0
 1 1 0]"
4,0.9928577289410068,"[1 1 1 1 1 1 1 1 1 1 0 1 0 0 0 1 0 0 0 0 1 0 1 0 1 0 0 1 0 0 0 1 1 1 0 1 0
 1 0 0]"
4,0.9941519249073852,"[1 1 1 1 1 1 1 1 1 1 0 1 1 0 0 1 1 0 0 1 0 0 1 0 1 0 1 0 0 1 0 0 0 1 0 1 0
 1 0 1]"
4,0.9921235954392804,"[1 1 1 1 1 1 1 1 1 1 0 0 1 1 0 0 0 0 1 1 0 0 1 0 1 0 0 0 0 0 1 1 1 0 0 1 0
 1 1 0]"
4,0.9988315217563358,"[1 1 1 1 1 1 1 1 1 1 1 1 1 0 0 0 0 1 0 1 0 1 1 0 1 0 0 1 0 1 1 0 0 1 0 1 0
 1 0 1]"
4,0.9872860685224364,"[1 1 1 1 1 1 1 1 1 0 1 0 1 1 0 0 0 0 1 1 0 0 1 0 1 0 0 0 1 0 0 0 1 0 0 1 0
 1 1 0]"
4,0.9916502374002836,"[1 1 1 1 1 1 1 1 1 1 0 0 1 0 0 1 0 0 0 1 0 0 1 0 1 0 0 0 0 0 0 1 1 1 0 1 0
 1 0 0]"
4,0.9914893433570765,"[1 1 1 1 1 1 1 1 1 1 0 0 1 0 0 0 0 0 0 0 0 0 1 0 1 0 0 0 0 0 0 1 1 1 0 1 0
 1 0 0]"
4,0.9928577289410068,"[1 1 1 1 1 1 1 1 1 1 0 1 0 0 0 1 0 0 0 0 1 0 1 0 1 0 0 1 0 0 0 1 1 1 0 1 0
 1 0 0]"
step,fitness,genome
5,0.997134634324177,"[1 1 1 1 1 1 1 1 1 1 1 0 1 1 0 1 0 0 1 1 0 0 1 0 1 0 0 0 0 0 0 1 0 0 0 1 0
 1 1 0]"
5,0.9922800642117083,"[1 1 1 1 1 1 1 1 1 1 0 0 1 1 0 1 0 0 1 1 1 0 1 0 1 1 1 0 0 0 0 1 1 0 0 1 0
 1 1 0]"
5,0.9963952130141683,"[1 1 1 1 1 1 1 1 1 1 1 0 1 0 0 0 0 1 0 1 0 1 1 0 0 1 0 1 0 1 1 0 1 0 0 0 1
 0 0 1]"
5,0.9941519249073852,"[1 1 1 1 1 1 1 1 1 1 0 1 1 0 0 1 1 0 0 1 0 0 1 0 1 0 1 0 0 1 0 0 0 1 0 1 0
 1 0 1]"
5,0.9928577289410068,"[1 1 1 1 1 1 1 1 1 1 0 1 0 0 0 1 0 0 0 0 1 0 1 0 1 0 0 1 0 0 0 1 1 1 0 1 0
 1 0 0]"
5,0.9977198246708416,"[1 1 1 1 1 1 1 1 1 1 1 1 0 0 0 1 0 0 0 0 1 0 1 0 1 0 0 1 0 0 0 1 1 1 0 1 0
 1 0 0]"
5,0.9994962380728457,"[1 1 1 1 1 1 1 1 1 1 1 1 1 1 0 0 1 0 1 1 0 0 1 0 1 0 1 0 0 0 1 0 1 1 0 1 0
 1 0 1]"
5,0.999019425122477,"[1 1 1 1 1 1 1 1 1 1 1 1 1 0 0 1 1 0 0 1 0 0 1 0 0 0 1 0 0 1 0 0 0 1 0 1 0
 1 1 1]"
5,0.9988505753467899,"[1 1 1 1 1 1 1 1 1 1 1 1 1 0 0 0 0 1 1 1 0 1 1 0 1 0 0 1 0 1 1 0 0 1 0 1 0
 1 0 1]"
5,0.9990194297568062,"[1 1 1 1 1 1 1 1 1 1 1 1 1 0 0 1 1 0 0 1 0 0 1 0 0 0 1 0 0 1 1 0 0 1 0 1 0
 1 0 1]"
5,0.9927013632301125,"[1 1 1 1 1 1 1 1 1 1 0 1 0 0 0 0 0 0 0 0 0 0 1 0 1 0 0 0 0 0 1 1 1 1 0 1 0
 1 0 0]"
5,0.994071249458455,"[1 1 1 1 1 1 1 1 1 1 0 1 1 0 0 1 0 0 0 0 1 0 1 0 1 0 0 1 0 0 0 1 1 1 0 1 0
 1 0 0]"
5,0.9963952130141683,"[1 1 1 1 1 1 1 1 1 1 1 0 1 0 0 0 0 1 0 1 0 1 1 0 0 1 0 1 0 1 1 0 1 0 0 0 1
 0 0 1]"
5,0.9988672056036457,"[1 1 1 1 1 1 1 1 1 1 1 1 1 0 0 0 1 0 0 1 0 0 1 0 1 0 0 0 0 1 0 0 0 1 0 1 0
 0 0 1]"
5,0.9990197228645433,"[1 1 1 1 1 1 1 1 1 1 1 1 1 0 0 1 1 0 0 1 0 0 1 0 1 0 1 0 0 1 0 0 0 1 0 1 0
 1 0 1]"
5,0.999496247381849,"[1 1 1 1 1 1 1 1 1 1 1 1 1 1 0 0 1 0 1 1 0 0 1 0 1 0 1 0 0 1 1 0 1 1 0 1 0
 1 0 1]"
5,0.9921236682517981,"[1 1 1 1 1 1 1 1 1 1 0 0 1 1 0 0 0 0 1 1 0 0 1 0 1 0 1 0 0 0 1 1 0 0 0 1 0
 1 0 1]"
5,0.9988864098592222,"[1 1 1 1 1 1 1 1 1 1 1 1 1 0 0 0 1 0 1 1 0 0 1 0 1 1 0 0 0 1 0 0 1 1 0 1 0
 1 0 0]"
5,0.9920951861553431,"[1 1 1 1 1 1 1 1 1 1 0 0 1 1 0 0 0 0 0 0 0 0 1 0 1 0 0 0 0 0 1 0 1 0 0 1 0
 1 1 0]"
5,0.9963952130141683,"[1 1 1 1 1 1 1 1 1 1 1 0 1 0 0 0 0 1 0 1 0 1 1 0 0 1 0 1 0 1 1 0 1 0 0 0 1
 0 0 1]"
5,0.0009743511389672961,"[0 1 1 1 1 1 1 1 1 1 1 1 1 0 0 0 1 0 0 1 0 0 1 0 1 0 0 0 0 1 0 0 0 1 0 1 0
 1 0 1]"
5,0.9939147117504992,"[1 1 1 1 1 1 1 1 1 1 0 1 1 0 0 0 0 0 0 0 0 0 1 0 1 0 0 0 0 0 1 1 1 1 0 1 0
 1 0 0]"
5,0.9994962497090998,"[1 1 1 1 1 1 1 1 1 1 1 1 1 1 0 0 1 0 1 1 0 0 1 0 1 0 1 0 0 1 1 1 1 1 0 1 0
 1 0 1]"
5,0.9940663969784937,"[1 1 1 1 1 1 1 1 1 1 0 1 1 0 0 1 0 0 0 0 0 0 1 0 0 1 1 0 0 0 1 0 1 0 0 0 0
 1 0 0]"
5,0.9963952129416448,"[1 1 1 1 1 1 1 1 1 1 1 0 1 0 0 0 0 1 0 1 0 1 1 0 0 1 0 1 0 1 1 0 1 0 0 0 0
 0 0 1]"
5,0.9964296303276098,"[1 1 1 1 1 1 1 1 1 1 1 0 1 0 0 0 1 0 0 1 0 0 0 0 0 1 0 0 0 1 0 0 1 0 0 0 1
 1 0 1]"
5,0.9964308928200376,"[1 1 1 1 1 1 1 1 1 1 1 0 1 0 0 0 1 0 0 1 0 0 1 0 0 1 1 0 0 1 0 0 1 0 0 0 1
 0 0 1]"
5,0.9964308371202121,"[1 1 1 1 1 1 1 1 1 1 1 0 1 0 0 0 1 0 0 1 0 0 1 0 0 1 0 0 1 1 0 0 1 0 0 0 1
 0 0 1]"
5,0.9940666957256376,"[1 1 1 1 1 1 1 1 1 1 0 1 1 0 0 1 0 0 0 0 0 0 1 0 1 1 1 0 0 0 1 1 1 0 0 0 0
 1 0 0]"
5,0.9988315217563358,"[1 1 1 1 1 1 1 1 1 1 1 1 1 0 0 0 0 1 0 1 0 1 1 0 1 0 0 1 0 1 1 0 0 1 0 1 0
 1 0 1]"
5,0.9990194251043031,"[1 1 1 1 1 1 1 1 1 1 1 1 1 0 0 1 1 0 0 1 0 0 1 0 0 0 1 0 0 1 0 0 0 1 0 1 0
 1 0 1]"
5,0.9988862598430722,"[1 1 1 1 1 1 1 1 1 1 1 1 1 0 0 0 1 0 1 1 0 0 1 0 1 0 0 0 0 1 0 0 0 1 0 1 0
 1 0 1]"
5,0.9988313733738879,"[1 1 1 1 1 1 1 1 1 1 1 1 1 0 0 0 0 1 0 1 0 1 1 0 0 1 0 1 0 1 1 0 1 0 0 0 1
 0 0 1]"
5,0.9963952130141683,"[1 1 1 1 1 1 1 1 1 1 1 0 1 0 0 0 0 1 0 1 0 1 1 0 0 1 0 1 0 1 1 0 1 0 0 0 1
 0 0 1]"
5,0.9988672057126738,"[1 1 1 1 1 1 1 1 1 1 1 1 1 0 0 0 1 0 0 1 0 0 1 0 1 0 0 0 0 1 0 0 0 1 0 1 1
 1 0 1]"
5,0.9964296303276098,"[1 1 1 1 1 1 1 1 1 1 1 0 1 0 0 0 1 0 0 1 0 0 0 0 0 1 0 0 0 1 0 0 1 0 0 0 1
 1 0 1]"
5,0.9939147117504992,"[1 1 1 1 1 1 1 1 1 1 0 1 1 0 0 0 0 0 0 0 0 0 1 0 1 0 0 0 0 0 1 1 1 1 0 1 0
 1 0 0]"
5,0.999496247381849,"[1 1 1 1 1 1 1 1 1 1 1 1 1 1 0 0 1 0 1 1 0 0 1 0 1 0 1 0 0 1 1 0 1 1 0 1 0
 1 0 1]"
5,0.9988315217563358,"[1 1 1 1 1 1 1 1 1 1 1 1 1 0 0 0 0 1 0 1 0 1 1 0 1 0 0 1 0 1 1 0 0 1 0 1 0
 1 0 1]"
5,0.9963952130141683,"[1 1 1 1 1 1 1 1 1 1 1 0 1 0 0 0 0 1 0 1 0 1 1 0 0 1 0 1 0 1 1 0 1 0 0 0 1
 0 0 1]"
5,0.9990387796860556,"[1 1 1 1 1 1 1 1 1 1 1 1 1 0 0 1 1 0 1 1 0 0 1 0 1 0 1 0 0 1 0 0 0 1 0 1 0
 1 0 1]"
5,0.9988672056399884,"[1 1 1 1 1 1 1 1 1 1 1 1 1 0 0 0 1 0 0 1 0 0 1 0 1 0 0 0 0 1 0 0 0 1 0 1 0
 1 0 1]"
5,0.9988669079206608,"[1 1 1 1 1 1 1 1 1 1 1 1 1 0 0 0 1 0 0 1 0 0 1 0 0 0 0 0 0 1 0 0 0 1 0 1 0
 1 0 1]"
5,0.9939147071193972,"[1 1 1 1 1 1 1 1 1 1 0 1 1 0 0 0 0 0 0 0 0 0 1 0 1 0 0 0 0 0 0 1 1 1 0 1 0
 1 0 0]"
5,0.9990197228645433,"[1 1 1 1 1 1 1 1 1 1 1 1 1 0 0 1 1 0 0 1 0 0 1 0 1 0 1 0 0 1 0 0 0 1 0 1 0
 1 0 1]"
5,0.9922751070306347,"[1 1 1 1 1 1 1 1 1 1 0 0 1 1 0 1 0 0 1 1 0 0 1 0 1 0 0 0 0 0 0 1 1 0 0 1 0
 1 1 0]"
5,0.9963952138844501,"[1 1 1 1 1 1 1 1 1 1 1 0 1 0 0 0 0 1 0 1 0 1 1 0 0 1 0 1 0 1 1 0 1 1 1 0 1
 0 0 1]"
5,0.9924076984532403,"[1 1 1 1 1 1 1 1 1 1 0 0 1 1 1 0 0 0 0 1 0 0 1 0 1 0 0 0 0 0 0 0 1 0 0 1 0
 0 1 0]"
5,0.9990387796860556,"[1 1 1 1 1 1 1 1 1 1 1 1 1 0 0 1 1 0 1 1 0 0 1 0 1 0 1 0 0 1 0 0 0 1 0 1 0
 1 0 1]"
5,0.7252942571702666,"[1 1 1 1 0 1 1 1 1 1 1 0 1 0 0 0 1 0 0 1 0 0 1 0 0 1 1 0 0 1 0 0 1 0 0 0 1
 0 0 1]"
5,0.9988315217563358,"[1 1 1 1 1 1 1 1 1 1 1 1 1 0 0 0 0 1 0 1 0 1 1 0 1 0 0 1 0 1 1 0 0 1 0 1 0
 1 0 1]"
5,0.9988672056399884,"[1 1 1 1 1 1 1 1 1 1 1 1 1 0 0 0 1 0 0 1 0 0 1 0 1 0 0 0 0 1 0 0 0 1 0 1 0
 1 0 1]"
5,0.9988672056399884,"[1 1 1 1 1 1 1 1 1 1 1 1 1 0 0 0 1 0 0 1 0 0 1 0 1 0 0 0 0 1 0 0 0 1 0 1 0
 1 0 1]"
5,0.9928577289410068,"[1 1 1 1 1 1 1 1 1 1 0 1 0 0 0 1 0 0 0 0 1 0 1 0 1 0 0 1 0 0 0 1 1 1 0 1 0
 1 0 0]"
5,0.9990194291752433,"[1 1 1 1 1 1 1 1 1 1 1 1 1 0 0 1 1 0 0 1 0 0 1 0 0 0 1 0 0 1 1 0 0 0 0 1 0
 1 0 1]"
5,0.9988672057126738,"[1 1 1 1 1 1 1 1 1 1 1 1 1 0 0 0 1 0 0 1 0 0 1 0 1 0 0 0 0 1 0 0 0 1 0 1 1
 1 0 1]"
5,0.9964308185536043,"[1 1 1 1 1 1 1 1 1 1 1 0 1 0 0 0 1 0 0 1 0 0 1 0 0 1 0 0 0 1 0 0 1 0 0 0 1
 0 0 1]"
5,0.9988672800698328,"[1 1 1 1 1 1 1 1 1 1 1 1 1 0 0 0 1 0 0 1 0 0 1 0 1 0 1 0 0 1 0 0 0 1 0 1 0
 1 0 1]"
5,0.9990387796860556,"[1 1 1 1 1 1 1 1 1 1 1 1 1 0 0 1 1 0 1 1 0 0 1 0 1 0 1 0 0 1 0 0 0 1 0 1 0
 1 0 1]"
5,0.9988315217563358,"[1 1 1 1 1 1 1 1 1 1 1 1 1 0 0 0 0 1 0 1 0 1 1 0 1 0 0 1 0 1 1 0 0 1 0 1 0
 1 0 1]"
5,0.9991149357973597,"[1 1 1 1 1 1 1 1 1 1 1 1 1 0 1 0 0 0 1 1 0 0 1 0 1 0 0 0 0 1 0 0 0 1 0 1 0
 1 0 1]"
5,0.05622847365727192,"[1 0 1 1 1 1 1 1 1 1 1 1 1 0 0 0 1 0 0 1 0 0 1 0 1 0 0 0 0 1 0 0 0 1 0 1 0
 1 0 1]"
5,0.9964308186986558,"[1 1 1 1 1 1 1 1 1 1 1 0 1 0 0 0 1 0 0 1 0 0 1 0 0 1 0 0 0 1 0 0 1 0 0 1 1
 0 0 1]"
5,0.9990387796860556,"[1 1 1 1 1 1 1 1 1 1 1 1 1 0 0 1 1 0 1 1 0 0 1 0 1 0 1 0 0 1 0 0 0 1 0 1 0
 1 0 1]"
5,0.9988315217563358,"[1 1 1 1 1 1 1 1 1 1 1 1 1 0 0 0 0 1 0 1 0 1 1 0 1 0 0 1 0 1 1 0 0 1 0 1 0
 1 0 1]"
5,0.9989625543629544,"[1 1 1 1 1 1 1 1 1 1 1 1 1 0 0 1 0 0 1 1 0 0 1 0 1 0 1 0 0 1 0 0 0 1 0 1 0
 1 0 1]"
5,0.9988315403631981,"[1 1 1 1 1 1 1 1 1 1 1 1 1 0 0 0 0 1 0 1 0 1 1 0 1 0 0 1 1 1 1 0 0 1 0 1 0
 1 0 1]"
5,0.9798260737792113,"[1 1 1 1 1 1 1 1 0 1 1 1 1 0 1 0 1 0 0 1 0 0 1 0 1 0 0 0 0 1 0 0 1 1 0 1 0
 1 0 1]"
5,0.999496247381849,"[1 1 1 1 1 1 1 1 1 1 1 1 1 1 0 0 1 0 1 1 0 0 1 0 1 0 1 0 0 1 1 0 1 1 0 1 0
 1 0 1]"
5,0.993964549329888,"[1 1 1 1 1 1 1 1 1 1 0 1 1 0 0 0 0 1 0 1 0 1 1 0 1 0 0 1 0 1 1 0 0 1 0 1 0
 1 0 1]"
5,0.9963958071266681,"[1 1 1 1 1 1 1 1 1 1 1 0 1 0 0 0 0 1 0 1 0 1 1 1 0 1 0 1 0 1 1 0 1 0 0 0 1
 0 0 1]"
5,0.9990194251043031,"[1 1 1 1 1 1 1 1 1 1 1 1 1 0 0 1 1 0 0 1 0 0 1 0 0 0 1 0 0 1 0 0 0 1 0 1 0
 1 0 1]"
5,0.9581714808252475,"[1 1 1 1 1 1 1 0 1 1 1 0 1 0 0 0 1 0 0 1 0 0 1 0 0 1 1 0 0 0 0 0 1 0 0 0 1
 0 0 1]"
5,0.9891189493752317,"[1 1 1 1 1 1 1 1 1 0 1 1 1 0 0 0 0 1 0 1 0 1 1 0 1 0 0 1 1 1 1 0 0 1 0 1 0
 1 0 1]"
5,0.99886724285491,"[1 1 1 1 1 1 1 1 1 1 1 1 1 0 0 0 1 0 0 1 0 0 1 0 1 0 0 1 0 1 0 0 0 1 0 1 0
 1 0 1]"
5,0.9988315031494738,"[1 1 1 1 1 1 1 1 1 1 1 1 1 0 0 0 0 1 0 1 0 1 1 0 1 0 0 0 1 1 1 0 0 1 0 1 0
 1 0 1]"
5,0.9990601492112136,"[1 1 1 1 1 1 1 1 1 1 1 1 1 0 0 1 1 1 0 1 0 1 1 0 1 0 0 0 0 1 1 0 0 1 0 1 0
 1 0 1]"
5,0.9988101566324635,"[1 1 1 1 1 1 1 1 1 1 1 1 1 0 0 0 0 0 1 1 0 0 1 0 1 0 1 1 0 1 0 0 0 1 0 1 0
 1 0 1]"
5,0.0009615273069524643,"[0 1 1 1 1 1 1 1 1 1 0 0 1 1 0 1 0 0 1 1 0 0 1 0 1 0 0 0 0 0 0 1 1 0 0 1 1
 1 1 0]"
5,0.9924076984893714,"[1 1 1 1 1 1 1 1 1 1 0 0 1 1 1 0 0 0 0 1 0 0 1 0 1 0 0 0 0 0 0 0 1 0 0 1 0
 1 1 0]"
5,0.9928672044003104,"[1 1 1 1 1 1 1 1 1 1 0 1 0 0 0 1 0 0 0 1 1 0 1 0 1 0 0 1 0 0 0 1 1 1 0 1 0
 1 0 0]"
5,0.9990194251043031,"[1 1 1 1 1 1 1 1 1 1 1 1 1 0 0 1 1 0 0 1 0 0 1 0 0 0 1 0 0 1 0 0 0 1 0 1 0
 1 0 1]"
5,0.9990194954007198,"[1 1 1 1 1 1 1 1 1 1 1 1 1 0 0 1 1 0 0 1 0 0 1 0 0 1 0 0 0 0 1 0 1 0 0 0 1
 1 0 1]"
5,0.9915085011769877,"[1 1 1 1 1 1 1 1 1 1 0 0 1 0 0 0 0 0 1 0 0 0 1 0 1 1 1 0 0 1 0 1 1 0 0 0 0
 1 0 0]"
5,0.9928577289410068,"[1 1 1 1 1 1 1 1 1 1 0 1 0 0 0 1 0 0 0 0 1 0 1 0 1 0 0 1 0 0 0 1 1 1 0 1 0
 1 0 0]"
5,0.99886724285491,"[1 1 1 1 1 1 1 1 1 1 1 1 1 0 0 0 1 0 0 1 0 0 1 0 1 0 0 1 0 1 0 0 0 1 0 1 0
 1 0 1]"
5,0.9963952129416448,"[1 1 1 1 1 1 1 1 1 1 1 0 1 0 0 0 0 1 0 1 0 1 1 0 0 1 0 1 0 1 1 0 1 0 0 0 0
 0 0 1]"
5,0.9940663992943628,"[1 1 1 1 1 1 1 1 1 1 0 1 1 0 0 1 0 0 0 0 0 0 1 0 0 1 1 0 0 0 1 1 1 0 0 0 0
 1 0 0]"
5,0.9990194297568062,"[1 1 1 1 1 1 1 1 1 1 1 1 1 0 0 1 1 0 0 1 0 0 1 0 0 0 1 0 0 1 1 0 0 1 0 1 0
 1 0 1]"
5,0.9924076984893714,"[1 1 1 1 1 1 1 1 1 1 0 0 1 1 1 0 0 0 0 1 0 0 1 0 1 0 0 0 0 0 0 0 1 0 0 1 0
 1 1 0]"
5,0.9990197228645433,"[1 1 1 1 1 1 1 1 1 1 1 1 1 0 0 1 1 0 0 1 0 0 1 0 1 0 1 0 0 1 0 0 0 1 0 1 0
 1 0 1]"
5,0.9988671963362582,"[1 1 1 1 1 1 1 1 1 1 1 1 1 0 0 0 1 0 0 1 0 0 1 0 1 0 0 0 0 0 0 0 0 1 0 1 0
 1 0 1]"
5,0.9990387796497072,"[1 1 1 1 1 1 1 1 1 1 1 1 1 0 0 1 1 0 1 1 0 0 1 0 1 0 1 0 0 1 0 0 0 1 0 1 0
 0 0 1]"
5,0.9964308928563006,"[1 1 1 1 1 1 1 1 1 1 1 0 1 0 0 0 1 0 0 1 0 0 1 0 0 1 1 0 0 1 0 0 1 0 0 0 1
 1 0 1]"
5,0.9794914414962483,"[1 1 1 1 1 1 1 1 0 1 1 1 1 0 0 0 0 1 0 1 0 1 1 0 1 0 0 1 1 1 1 0 0 1 0 1 0
 1 0 1]"
5,0.9921242612184101,"[1 1 1 1 1 1 1 1 1 1 0 0 1 1 0 0 0 0 1 1 0 0 1 1 1 0 1 0 0 0 1 1 1 0 0 1 0
 1 0 0]"
5,0.9939147117504992,"[1 1 1 1 1 1 1 1 1 1 0 1 1 0 0 0 0 0 0 0 0 0 1 0 1 0 0 0 0 0 1 1 1 1 0 1 0
 1 0 0]"
5,0.9941519249073852,"[1 1 1 1 1 1 1 1 1 1 0 1 1 0 0 1 1 0 0 1 0 0 1 0 1 0 1 0 0 1 0 0 0 1 0 1 0
 1 0 1]"
5,0.9939147074088411,"[1 1 1 1 1 1 1 1 1 1 0 1 1 0 0 0 0 0 0 0 0 0 1 0 1 0 0 0 0 0 0 1 1 1 1 1 0
 1 0 0]"
5,0.9988315403631981,"[1 1 1 1 1 1 1 1 1 1 1 1 1 0 0 0 0 1 0 1 0 1 1 0 1 0 0 1 1 1 1 0 0 1 0 1 0
 1 0 1]"
step,fitness,genome
6,0.9991149357973597,"[1 1 1 1 1 1 1 1 1 1 1 1 1 0 1 0 0 0 1 1 0 0 1 0 1 0 0 0 0 1 0 0 0 1 0 1 0
 1 0 1]"
6,0.9990387796860556,"[1 1 1 1 1 1 1 1 1 1 1 1 1 0 0 1 1 0 1 1 0 0 1 0 1 0 1 0 0 1 0 0 0 1 0 1 0
 1 0 1]"
6,0.9988908082915985,"[1 1 1 1 1 1 1 1 1 1 1 1 1 0 0 0 1 0 1 1 1 0 1 0 0 0 1 0 0 1 1 1 1 1 0 1 0
 1 0 1]"
6,0.9994771768888405,"[1 1 1 1 1 1 1 1 1 1 1 1 1 1 0 0 1 0 0 1 0 0 1 0 1 0 1 0 0 1 0 0 0 1 0 1 0
 1 0 1]"
6,0.9988101566324635,"[1 1 1 1 1 1 1 1 1 1 1 1 1 0 0 0 0 0 1 1 0 0 1 0 1 0 1 1 0 1 0 0 0 1 0 1 0
 1 0 1]"
6,0.9988671963362582,"[1 1 1 1 1 1 1 1 1 1 1 1 1 0 0 0 1 0 0 1 0 0 1 0 1 0 0 0 0 0 0 0 0 1 0 1 0
 1 0 1]"
6,0.9606704079305425,"[1 1 1 1 1 1 1 0 1 1 1 1 1 0 0 1 1 0 0 1 0 0 1 0 0 0 1 0 0 1 0 0 0 1 0 1 0
 1 0 1]"
6,0.9990194251043031,"[1 1 1 1 1 1 1 1 1 1 1 1 1 0 0 1 1 0 0 1 0 0 1 0 0 0 1 0 0 1 0 0 0 1 0 1 0
 1 0 1]"
6,0.9990194297568062,"[1 1 1 1 1 1 1 1 1 1 1 1 1 0 0 1 1 0 0 1 0 0 1 0 0 0 1 0 0 1 1 0 0 1 0 1 0
 1 0 1]"
6,0.9893243741289495,"[1 1 1 1 1 1 1 1 1 0 1 1 1 0 0 1 1 0 1 1 0 0 1 0 1 0 1 0 0 1 0 0 0 1 0 1 0
 0 0 1]"
6,0.9990387796860556,"[1 1 1 1 1 1 1 1 1 1 1 1 1 0 0 1 1 0 1 1 0 0 1 0 1 0 1 0 0 1 0 0 0 1 0 1 0
 1 0 1]"
6,0.9990194251043031,"[1 1 1 1 1 1 1 1 1 1 1 1 1 0 0 1 1 0 0 1 0 0 1 0 0 0 1 0 0 1 0 0 0 1 0 1 0
 1 0 1]"
6,0.5241786677481398,"[1 1 1 0 1 1 1 1 1 1 1 1 1 1 0 0 1 0 1 1 0 0 1 0 1 0 1 0 0 1 1 0 1 1 0 1 0
 1 0 1]"
6,0.9990194251043031,"[1 1 1 1 1 1 1 1 1 1 1 1 1 0 0 1 1 0 0 1 0 0 1 0 0 0 1 0 0 1 0 0 0 1 0 1 0
 1 0 1]"
6,0.9990601492112136,"[1 1 1 1 1 1 1 1 1 1 1 1 1 0 0 1 1 1 0 1 0 1 1 0 1 0 0 0 0 1 1 0 0 1 0 1 0
 1 0 1]"
6,0.9990197228645433,"[1 1 1 1 1 1 1 1 1 1 1 1 1 0 0 1 1 0 0 1 0 0 1 0 1 0 1 0 0 1 0 0 0 1 0 1 0
 1 0 1]"
6,0.9988669823504852,"[1 1 1 1 1 1 1 1 1 1 1 1 1 0 0 0 1 0 0 1 0 0 1 0 0 0 1 0 0 1 0 0 0 1 0 1 0
 1 0 1]"
6,0.9939644015983152,"[1 1 1 1 1 1 1 1 1 1 0 1 1 0 0 0 0 1 0 1 0 1 1 0 0 1 0 1 0 1 1 0 1 0 0 0 1
 0 0 1]"
6,0.9990197228645433,"[1 1 1 1 1 1 1 1 1 1 1 1 1 0 0 1 1 0 0 1 0 0 1 0 1 0 1 0 0 1 0 0 0 1 0 1 0
 1 0 1]"
6,0.9990387843022915,"[1 1 1 1 1 1 1 1 1 1 1 1 1 0 0 1 1 0 1 1 0 0 1 0 1 0 1 0 0 1 1 0 0 1 0 1 0
 0 0 1]"
6,0.9988861121347431,"[1 1 1 1 1 1 1 1 1 1 1 1 1 0 0 0 1 0 1 1 0 0 1 0 0 1 0 0 0 1 0 0 1 1 0 1 0
 1 0 0]"
6,0.9988315217563358,"[1 1 1 1 1 1 1 1 1 1 1 1 1 0 0 0 0 1 0 1 0 1 1 0 1 0 0 1 0 1 1 0 0 1 0 1 0
 1 0 1]"
6,0.999079206726762,"[1 1 1 1 1 1 1 1 1 1 1 1 1 0 0 1 1 1 1 1 0 1 1 0 1 0 0 0 0 1 1 0 0 1 0 1 0
 1 0 1]"
6,0.9988864098592222,"[1 1 1 1 1 1 1 1 1 1 1 1 1 0 0 0 1 0 1 1 0 0 1 0 1 1 0 0 0 1 0 0 1 1 0 1 0
 1 0 0]"
6,0.9990194251043031,"[1 1 1 1 1 1 1 1 1 1 1 1 1 0 0 1 1 0 0 1 0 0 1 0 0 0 1 0 0 1 0 0 0 1 0 1 0
 1 0 1]"
6,0.9988315217563358,"[1 1 1 1 1 1 1 1 1 1 1 1 1 0 0 0 0 1 0 1 0 1 1 0 1 0 0 1 0 1 1 0 0 1 0 1 0
 1 0 1]"
6,0.999496247381849,"[1 1 1 1 1 1 1 1 1 1 1 1 1 1 0 0 1 0 1 1 0 0 1 0 1 0 1 0 0 1 1 0 1 1 0 1 0
 1 0 1]"
6,0.9989243692306239,"[1 1 1 1 1 1 1 1 1 1 1 1 1 0 0 0 1 1 1 1 0 0 1 0 1 0 0 0 0 1 0 0 0 1 0 1 0
 1 0 1]"
6,0.9990194251043031,"[1 1 1 1 1 1 1 1 1 1 1 1 1 0 0 1 1 0 0 1 0 0 1 0 0 0 1 0 0 1 0 0 0 1 0 1 0
 1 0 1]"
6,0.9963952138844501,"[1 1 1 1 1 1 1 1 1 1 1 0 1 0 0 0 0 1 0 1 0 1 1 0 0 1 0 1 0 1 1 0 1 1 1 0 1
 0 0 1]"
6,0.9990194297568062,"[1 1 1 1 1 1 1 1 1 1 1 1 1 0 0 1 1 0 0 1 0 0 1 0 0 0 1 0 0 1 1 0 0 1 0 1 0
 1 0 1]"
6,0.9977198246889942,"[1 1 1 1 1 1 1 1 1 1 1 1 0 0 0 1 0 0 0 0 1 0 1 0 1 0 0 1 0 0 0 1 1 1 0 1 0
 1 1 0]"
6,0.9990387796860556,"[1 1 1 1 1 1 1 1 1 1 1 1 1 0 0 1 1 0 1 1 0 0 1 0 1 0 1 0 0 1 0 0 0 1 0 1 0
 1 0 1]"
6,0.9990194297568062,"[1 1 1 1 1 1 1 1 1 1 1 1 1 0 0 1 1 0 0 1 0 0 1 0 0 0 1 0 0 1 1 0 0 1 0 1 0
 1 0 1]"
6,0.9990387796860556,"[1 1 1 1 1 1 1 1 1 1 1 1 1 0 0 1 1 0 1 1 0 0 1 0 1 0 1 0 0 1 0 0 0 1 0 1 0
 1 0 1]"
6,0.9990387796860556,"[1 1 1 1 1 1 1 1 1 1 1 1 1 0 0 1 1 0 1 1 0 0 1 0 1 0 1 0 0 1 0 0 0 1 0 1 0
 1 0 1]"
6,0.9606890925491699,"[1 1 1 1 1 1 1 0 1 1 1 1 1 0 0 1 1 0 1 1 0 0 1 0 1 0 1 0 0 1 0 0 0 1 0 1 0
 1 0 1]"
6,0.993964549329888,"[1 1 1 1 1 1 1 1 1 1 0 1 1 0 0 0 0 1 0 1 0 1 1 0 1 0 0 1 0 1 1 0 0 1 0 1 0
 1 0 1]"
6,0.9988315031494738,"[1 1 1 1 1 1 1 1 1 1 1 1 1 0 0 0 0 1 0 1 0 1 1 0 1 0 0 0 1 1 1 0 0 1 0 1 0
 1 0 1]"
6,0.9941708981383774,"[1 1 1 1 1 1 1 1 1 1 0 1 1 0 0 1 1 0 1 1 0 0 1 0 1 0 1 0 0 1 0 0 0 1 0 1 0
 1 0 1]"
6,0.9941519249073852,"[1 1 1 1 1 1 1 1 1 1 0 1 1 0 0 1 1 0 0 1 0 0 1 0 1 0 1 0 0 1 0 0 0 1 0 1 0
 1 0 1]"
6,0.9990387796860556,"[1 1 1 1 1 1 1 1 1 1 1 1 1 0 0 1 1 0 1 1 0 0 1 0 1 0 1 0 0 1 0 0 0 1 0 1 0
 1 0 1]"
6,0.999496247381849,"[1 1 1 1 1 1 1 1 1 1 1 1 1 1 0 0 1 0 1 1 0 0 1 0 1 0 1 0 0 1 1 0 1 1 0 1 0
 1 0 1]"
6,0.9998013173842989,"[1 1 1 1 1 1 1 1 1 1 1 1 1 1 1 0 1 0 1 1 0 0 1 0 1 0 1 0 0 0 1 0 1 1 0 1 0
 1 0 1]"
6,0.9990387796860556,"[1 1 1 1 1 1 1 1 1 1 1 1 1 0 0 1 1 0 1 1 0 0 1 0 1 0 1 0 0 1 0 0 0 1 0 1 0
 1 0 1]"
6,0.9990601492112136,"[1 1 1 1 1 1 1 1 1 1 1 1 1 0 0 1 1 1 0 1 0 1 1 0 1 0 0 0 0 1 1 0 0 1 0 1 0
 1 0 1]"
6,0.9988505753467899,"[1 1 1 1 1 1 1 1 1 1 1 1 1 0 0 0 0 1 1 1 0 1 1 0 1 0 0 1 0 1 1 0 0 1 0 1 0
 1 0 1]"
6,0.9990387796860556,"[1 1 1 1 1 1 1 1 1 1 1 1 1 0 0 1 1 0 1 1 0 0 1 0 1 0 1 0 0 1 0 0 0 1 0 1 0
 1 0 1]"
6,0.9796760489111113,"[1 1 1 1 1 1 1 1 0 1 1 1 1 0 0 1 1 0 0 1 0 0 1 0 0 0 1 0 0 1 0 0 0 1 0 1 0
 1 0 1]"
6,0.999496247381849,"[1 1 1 1 1 1 1 1 1 1 1 1 1 1 0 0 1 0 1 1 0 0 1 0 1 0 1 0 0 1 1 0 1 1 0 1 0
 1 0 1]"
6,0.9988862598430722,"[1 1 1 1 1 1 1 1 1 1 1 1 1 0 0 0 1 0 1 1 0 0 1 0 1 0 0 0 0 1 0 0 0 1 0 1 0
 1 0 1]"
6,0.9990194251043031,"[1 1 1 1 1 1 1 1 1 1 1 1 1 0 0 1 1 0 0 1 0 0 1 0 0 0 1 0 0 1 0 0 0 1 0 1 0
 1 0 1]"
6,0.9988672057126738,"[1 1 1 1 1 1 1 1 1 1 1 1 1 0 0 0 1 0 0 1 0 0 1 0 1 0 0 0 0 1 0 0 0 1 0 1 1
 1 0 1]"
6,0.056228473662727624,"[1 0 1 1 1 1 1 1 1 1 1 1 1 0 0 0 1 0 0 1 0 0 1 0 1 0 0 0 0 1 0 0 0 1 0 1 1
 1 0 1]"
6,0.9990387796860556,"[1 1 1 1 1 1 1 1 1 1 1 1 1 0 0 1 1 0 1 1 0 0 1 0 1 0 1 0 0 1 0 0 0 1 0 1 0
 1 0 1]"
6,0.7239384001763973,"[1 1 1 1 0 1 1 1 1 1 0 1 1 1 0 0 1 0 1 1 0 0 1 0 1 0 1 0 0 1 1 0 1 1 0 1 0
 1 0 1]"
6,0.9994962380728457,"[1 1 1 1 1 1 1 1 1 1 1 1 1 1 0 0 1 0 1 1 0 0 1 0 1 0 1 0 0 0 1 0 1 1 0 1 0
 1 0 1]"
6,0.26276368084894947,"[1 1 0 1 1 1 1 1 1 1 1 1 1 0 0 1 0 0 1 1 0 0 1 0 1 0 1 0 0 1 0 0 0 1 0 1 0
 1 0 1]"
6,0.999029251198056,"[1 1 1 1 1 1 1 1 1 1 1 1 1 0 0 1 1 0 1 0 0 0 1 0 1 0 1 0 0 1 0 0 0 1 0 1 0
 0 0 1]"
6,0.999496247381849,"[1 1 1 1 1 1 1 1 1 1 1 1 1 1 0 0 1 0 1 1 0 0 1 0 1 0 1 0 0 1 1 0 1 1 0 1 0
 1 0 1]"
6,0.9990197222829803,"[1 1 1 1 1 1 1 1 1 1 1 1 1 0 0 1 1 0 0 1 0 0 1 0 1 0 1 0 0 1 0 0 0 0 0 1 0
 1 0 1]"
6,0.9990387796497072,"[1 1 1 1 1 1 1 1 1 1 1 1 1 0 0 1 1 0 1 1 0 0 1 0 1 0 1 0 0 1 0 0 0 1 0 1 0
 0 0 1]"
6,0.0562398993832308,"[1 0 1 1 1 1 1 1 1 1 1 1 1 0 0 1 1 0 0 1 0 0 1 0 0 0 1 0 0 1 0 0 0 1 0 1 0
 1 0 1]"
6,0.9990194251043031,"[1 1 1 1 1 1 1 1 1 1 1 1 1 0 0 1 1 0 0 1 0 0 1 0 0 0 1 0 0 1 0 0 0 1 0 1 0
 1 0 1]"
6,0.9988315217563358,"[1 1 1 1 1 1 1 1 1 1 1 1 1 0 0 0 0 1 0 1 0 1 1 0 1 0 0 1 0 1 1 0 0 1 0 1 0
 1 0 1]"
6,0.9988315217563358,"[1 1 1 1 1 1 1 1 1 1 1 1 1 0 0 0 0 1 0 1 0 1 1 0 1 0 0 1 0 1 1 0 0 1 0 1 0
 1 0 1]"
6,0.9988672800698328,"[1 1 1 1 1 1 1 1 1 1 1 1 1 0 0 0 1 0 0 1 0 0 1 0 1 0 1 0 0 1 0 0 0 1 0 1 0
 1 0 1]"
6,0.9990196484153888,"[1 1 1 1 1 1 1 1 1 1 1 1 1 0 0 1 1 0 0 1 0 0 1 0 1 0 0 0 0 1 0 0 0 1 0 1 0
 1 0 0]"
6,0.999019741474561,"[1 1 1 1 1 1 1 1 1 1 1 1 1 0 0 1 1 0 0 1 0 0 1 0 1 0 1 0 1 1 0 0 0 1 0 1 0
 1 0 1]"
6,0.999496247381849,"[1 1 1 1 1 1 1 1 1 1 1 1 1 1 0 0 1 0 1 1 0 0 1 0 1 0 1 0 0 1 1 0 1 1 0 1 0
 1 0 1]"
6,0.999496247381849,"[1 1 1 1 1 1 1 1 1 1 1 1 1 1 0 0 1 0 1 1 0 0 1 0 1 0 1 0 0 1 1 0 1 1 0 1 0
 1 0 1]"
6,0.9994962380728457,"[1 1 1 1 1 1 1 1 1 1 1 1 1 1 0 0 1 0 1 1 0 0 1 0 1 0 1 0 0 0 1 0 1 1 0 1 0
 1 0 1]"
6,0.9988672056399884,"[1 1 1 1 1 1 1 1 1 1 1 1 1 0 0 0 1 0 0 1 0 0 1 0 1 0 0 0 0 1 0 0 0 1 0 1 0
 1 0 1]"
6,0.9993243734294497,"[1 1 1 1 1 1 1 1 1 1 1 1 1 0 1 1 1 0 0 1 0 0 1 0 0 0 1 0 0 1 0 0 0 1 0 1 0
 1 0 1]"
6,0.9990387796860556,"[1 1 1 1 1 1 1 1 1 1 1 1 1 0 0 1 1 0 1 1 0 0 1 0 1 0 1 0 0 1 0 0 0 1 0 1 0
 1 0 1]"
6,0.9234763002907199,"[1 1 1 1 1 1 0 1 1 1 1 1 1 0 0 0 0 1 0 1 0 1 1 0 1 0 0 1 0 1 1 0 0 1 0 1 0
 1 0 1]"
6,0.0009743512115785746,"[0 1 1 1 1 1 1 1 1 1 1 1 1 0 0 0 1 0 0 1 0 0 1 0 1 0 0 1 0 1 0 0 0 1 0 1 0
 1 0 1]"
6,0.05622991511394709,"[1 0 1 1 1 1 1 1 1 1 1 1 1 0 0 0 1 0 1 1 0 0 1 0 1 1 0 0 0 1 0 0 1 1 0 1 0
 1 0 0]"
6,0.9987938631600767,"[1 1 1 1 1 1 1 1 1 1 1 1 1 0 0 0 0 0 0 1 0 1 1 1 0 1 0 1 0 1 1 0 1 1 0 0 1
 0 0 1]"
6,0.996582855965927,"[1 1 1 1 1 1 1 1 1 1 1 0 1 0 0 1 1 0 0 1 0 0 1 0 0 0 1 0 0 1 1 0 0 0 0 1 0
 1 0 1]"
6,0.999009967114602,"[1 1 1 1 1 1 1 1 1 1 1 1 1 0 0 1 1 0 0 0 0 0 1 0 0 1 0 0 0 0 1 0 1 0 0 0 1
 1 0 1]"
6,0.95942498410619,"[1 1 1 1 1 1 1 0 1 1 1 1 0 0 0 1 0 0 0 1 1 0 1 0 1 0 0 1 0 0 0 1 1 1 0 1 0
 1 0 0]"
6,0.9990101201370445,"[1 1 1 1 1 1 1 1 1 1 1 1 1 0 0 1 1 0 0 0 0 0 1 0 1 0 0 0 0 1 0 0 0 1 0 1 0
 1 0 1]"
6,0.9988672801425182,"[1 1 1 1 1 1 1 1 1 1 1 1 1 0 0 0 1 0 0 1 0 0 1 0 1 0 1 0 0 1 0 0 0 1 0 1 1
 1 0 1]"
6,0.9990194291752433,"[1 1 1 1 1 1 1 1 1 1 1 1 1 0 0 1 1 0 0 1 0 0 1 0 0 0 1 0 0 1 1 0 0 0 0 1 0
 1 0 1]"
6,0.9994962497090998,"[1 1 1 1 1 1 1 1 1 1 1 1 1 1 0 0 1 0 1 1 0 0 1 0 1 0 1 0 0 1 1 1 1 1 0 1 0
 1 0 1]"
6,0.9990194262674289,"[1 1 1 1 1 1 1 1 1 1 1 1 1 0 0 1 1 0 0 1 0 0 1 0 0 0 1 0 0 1 0 0 1 1 0 1 0
 1 0 1]"
6,0.999060139905866,"[1 1 1 1 1 1 1 1 1 1 1 1 1 0 0 1 1 1 0 1 0 1 1 0 1 0 0 0 0 0 1 0 0 1 0 1 0
 1 0 1]"
6,0.9988864098592222,"[1 1 1 1 1 1 1 1 1 1 1 1 1 0 0 0 1 0 1 1 0 0 1 0 1 1 0 0 0 1 0 0 1 1 0 1 0
 1 0 0]"
6,0.9989625543629544,"[1 1 1 1 1 1 1 1 1 1 1 1 1 0 0 1 0 0 1 1 0 0 1 0 1 0 1 0 0 1 0 0 0 1 0 1 0
 1 0 1]"
6,0.999496247381849,"[1 1 1 1 1 1 1 1 1 1 1 1 1 1 0 0 1 0 1 1 0 0 1 0 1 0 1 0 0 1 1 0 1 1 0 1 0
 1 0 1]"
6,0.9990387796860556,"[1 1 1 1 1 1 1 1 1 1 1 1 1 0 0 1 1 0 1 1 0 0 1 0 1 0 1 0 0 1 0 0 0 1 0 1 0
 1 0 1]"
6,0.9988219953745058,"[1 1 1 1 1 1 1 1 1 1 1 1 1 0 0 0 0 1 0 0 0 1 1 0 1 0 0 1 0 1 1 0 0 1 1 1 0
 1 0 1]"
6,0.9994962380728457,"[1 1 1 1 1 1 1 1 1 1 1 1 1 1 0 0 1 0 1 1 0 0 1 0 1 0 1 0 0 0 1 0 1 1 0 1 0
 1 0 1]"
6,0.9990194294660248,"[1 1 1 1 1 1 1 1 1 1 1 1 1 0 0 1 1 0 0 1 0 0 1 0 0 0 1 0 0 1 1 0 0 0 1 1 0
 1 0 1]"
6,0.99886724285491,"[1 1 1 1 1 1 1 1 1 1 1 1 1 0 0 0 1 0 0 1 0 0 1 0 1 0 0 1 0 1 0 0 0 1 0 1 0
 1 0 1]"
6,0.999029251234404,"[1 1 1 1 1 1 1 1 1 1 1 1 1 0 0 1 1 0 1 0 0 0 1 0 1 0 1 0 0 1 0 0 0 1 0 1 0
 1 0 1]"
6,0.9795264846131994,"[1 1 1 1 1 1 1 1 0 1 1 1 1 0 0 0 1 0 0 1 0 0 1 0 1 0 0 0 0 1 0 0 0 1 0 1 0
 0 0 1]"
6,0.9985815143948445,"[1 1 1 1 1 1 1 1 1 1 1 1 0 1 1 0 1 0 1 1 0 0 1 0 1 0 1 0 0 1 1 1 1 1 0 1 0
 1 0 1]"
6,0.9988863424150988,"[1 1 1 1 1 1 1 1 1 1 1 1 1 0 0 0 1 0 1 1 0 0 1 0 1 0 1 0 0 1 1 1 1 1 0 1 0
 1 0 1]"
step,fitness,genome
7,0.9990387796860556,"[1 1 1 1 1 1 1 1 1 1 1 1 1 0 0 1 1 0 1 1 0 0 1 0 1 0 1 0 0 1 0 0 0 1 0 1 0
 1 0 1]"
7,0.9990387796860556,"[1 1 1 1 1 1 1 1 1 1 1 1 1 0 0 1 1 0 1 1 0 0 1 0 1 0 1 0 0 1 0 0 0 1 0 1 0
 1 0 1]"
7,0.8534917436382644,"[1 1 1 1 1 0 1 1 1 1 1 1 1 0 0 1 1 1 1 1 0 1 1 0 1 0 0 0 0 1 1 0 0 1 0 1 0
 1 0 1]"
7,0.0009755788312071744,"[0 1 1 1 1 1 1 1 1 1 1 1 1 1 0 0 1 0 1 1 0 0 1 0 1 0 1 0 0 1 1 0 1 1 0 1 0
 1 0 1]"
7,0.9990197228645433,"[1 1 1 1 1 1 1 1 1 1 1 1 1 0 0 1 1 0 0 1 0 0 1 0 1 0 1 0 0 1 0 0 0 1 0 1 0
 1 0 1]"
7,0.9990387796860556,"[1 1 1 1 1 1 1 1 1 1 1 1 1 0 0 1 1 0 1 1 0 0 1 0 1 0 1 0 0 1 0 0 0 1 0 1 0
 1 0 1]"
7,0.9994867103489862,"[1 1 1 1 1 1 1 1 1 1 1 1 1 1 0 0 1 0 1 0 0 0 1 0 1 0 1 0 0 1 0 0 1 1 0 1 0
 1 0 1]"
7,0.9990387843386398,"[1 1 1 1 1 1 1 1 1 1 1 1 1 0 0 1 1 0 1 1 0 0 1 0 1 0 1 0 0 1 1 0 0 1 0 1 0
 1 0 1]"
7,0.9993291389116853,"[1 1 1 1 1 1 1 1 1 1 1 1 1 0 1 1 1 0 0 1 1 0 1 0 0 0 1 0 0 1 0 0 0 1 0 1 0
 1 0 1]"
7,0.9990200206248634,"[1 1 1 1 1 1 1 1 1 1 1 1 1 0 0 1 1 0 0 1 0 0 1 1 0 0 1 0 0 1 0 0 0 1 0 1 0
 1 0 1]"
7,0.9994771768888405,"[1 1 1 1 1 1 1 1 1 1 1 1 1 1 0 0 1 0 0 1 0 0 1 0 1 0 1 0 0 1 0 0 0 1 0 1 0
 1 0 1]"
7,0.9990197228645433,"[1 1 1 1 1 1 1 1 1 1 1 1 1 0 0 1 1 0 0 1 0 0 1 0 1 0 1 0 0 1 0 0 0 1 0 1 0
 1 0 1]"
7,0.999496247381849,"[1 1 1 1 1 1 1 1 1 1 1 1 1 1 0 0 1 0 1 1 0 0 1 0 1 0 1 0 0 1 1 0 1 1 0 1 0
 1 0 1]"
7,0.9990601492112136,"[1 1 1 1 1 1 1 1 1 1 1 1 1 0 0 1 1 1 0 1 0 1 1 0 1 0 0 0 0 1 1 0 0 1 0 1 0
 1 0 1]"
7,0.999496247381849,"[1 1 1 1 1 1 1 1 1 1 1 1 1 1 0 0 1 0 1 1 0 0 1 0 1 0 1 0 0 1 1 0 1 1 0 1 0
 1 0 1]"
7,0.9990792067994613,"[1 1 1 1 1 1 1 1 1 1 1 1 1 0 0 1 1 1 1 1 0 1 1 0 1 0 0 0 0 1 1 0 0 1 0 1 1
 1 0 1]"
7,0.9990197222829803,"[1 1 1 1 1 1 1 1 1 1 1 1 1 0 0 1 1 0 0 1 0 0 1 0 1 0 1 0 0 1 0 0 0 0 0 1 0
 1 0 1]"
7,0.9994867056945246,"[1 1 1 1 1 1 1 1 1 1 1 1 1 1 0 0 1 0 1 0 0 0 1 0 1 0 1 0 0 0 1 0 1 1 0 1 0
 1 0 1]"
7,0.9989625543629544,"[1 1 1 1 1 1 1 1 1 1 1 1 1 0 0 1 0 0 1 1 0 0 1 0 1 0 1 0 0 1 0 0 0 1 0 1 0
 1 0 1]"
7,0.9994771768888405,"[1 1 1 1 1 1 1 1 1 1 1 1 1 1 0 0 1 0 0 1 0 0 1 0 1 0 1 0 0 1 0 0 0 1 0 1 0
 1 0 1]"
7,0.9994968431582157,"[1 1 1 1 1 1 1 1 1 1 1 1 1 1 0 0 1 0 1 1 0 0 1 1 1 0 1 0 0 1 1 0 1 1 0 1 0
 1 0 1]"
7,0.999496247381849,"[1 1 1 1 1 1 1 1 1 1 1 1 1 1 0 0 1 0 1 1 0 0 1 0 1 0 1 0 0 1 1 0 1 1 0 1 0
 1 0 1]"
7,0.9990194669768321,"[1 1 1 1 1 1 1 1 1 1 1 1 1 0 0 1 1 0 0 1 0 0 1 0 0 0 1 1 0 1 1 0 0 1 0 1 0
 1 0 1]"
7,0.9606890925491699,"[1 1 1 1 1 1 1 0 1 1 1 1 1 0 0 1 1 0 1 1 0 0 1 0 1 0 1 0 0 1 0 0 0 1 0 1 0
 1 0 1]"
7,0.9989625543629544,"[1 1 1 1 1 1 1 1 1 1 1 1 1 0 0 1 0 0 1 1 0 0 1 0 1 0 1 0 0 1 0 0 0 1 0 1 0
 1 0 1]"
7,0.999648775400634,"[1 1 1 1 1 1 1 1 1 1 1 1 1 1 0 1 1 0 1 1 0 0 1 0 1 0 1 0 0 1 1 0 0 1 0 1 0
 1 0 1]"
7,0.9990244870392498,"[1 1 1 1 1 1 1 1 1 1 1 1 1 0 0 1 1 0 0 1 1 0 1 0 1 0 1 0 0 1 0 0 0 1 0 1 0
 1 0 1]"
7,0.9990387796860556,"[1 1 1 1 1 1 1 1 1 1 1 1 1 0 0 1 1 0 1 1 0 0 1 0 1 0 1 0 0 1 0 0 0 1 0 1 0
 1 0 1]"
7,0.9990387796860556,"[1 1 1 1 1 1 1 1 1 1 1 1 1 0 0 1 1 0 1 1 0 0 1 0 1 0 1 0 0 1 0 0 0 1 0 1 0
 1 0 1]"
7,0.9990387796860556,"[1 1 1 1 1 1 1 1 1 1 1 1 1 0 0 1 1 0 1 1 0 0 1 0 1 0 1 0 0 1 0 0 0 1 0 1 0
 1 0 1]"
7,0.999496247381849,"[1 1 1 1 1 1 1 1 1 1 1 1 1 1 0 0 1 0 1 1 0 0 1 0 1 0 1 0 0 1 1 0 1 1 0 1 0
 1 0 1]"
7,0.523911936166233,"[1 1 1 0 1 1 1 1 1 1 1 1 1 0 0 1 1 0 0 1 0 0 1 0 0 0 1 0 0 1 1 0 0 1 0 1 0
 1 0 1]"
7,0.9990601492112136,"[1 1 1 1 1 1 1 1 1 1 1 1 1 0 0 1 1 1 0 1 0 1 1 0 1 0 0 0 0 1 1 0 0 1 0 1 0
 1 0 1]"
7,0.9990194251043031,"[1 1 1 1 1 1 1 1 1 1 1 1 1 0 0 1 1 0 0 1 0 0 1 0 0 0 1 0 0 1 0 0 0 1 0 1 0
 1 0 1]"
7,0.9988315217563358,"[1 1 1 1 1 1 1 1 1 1 1 1 1 0 0 0 0 1 0 1 0 1 1 0 1 0 0 1 0 1 1 0 0 1 0 1 0
 1 0 1]"
7,0.999496247381849,"[1 1 1 1 1 1 1 1 1 1 1 1 1 1 0 0 1 0 1 1 0 0 1 0 1 0 1 0 0 1 1 0 1 1 0 1 0
 1 0 1]"
7,0.9994962380728457,"[1 1 1 1 1 1 1 1 1 1 1 1 1 1 0 0 1 0 1 1 0 0 1 0 1 0 1 0 0 0 1 0 1 1 0 1 0
 1 0 1]"
7,0.9595123129827391,"[1 1 1 1 1 1 1 0 1 1 1 1 0 0 0 1 1 0 1 1 0 0 1 0 1 0 1 0 0 1 0 0 0 1 0 1 0
 1 0 1]"
7,0.999496247381849,"[1 1 1 1 1 1 1 1 1 1 1 1 1 1 0 0 1 0 1 1 0 0 1 0 1 0 1 0 0 1 1 0 1 1 0 1 0
 1 0 1]"
7,0.999496247381849,"[1 1 1 1 1 1 1 1 1 1 1 1 1 1 0 0 1 0 1 1 0 0 1 0 1 0 1 0 0 1 1 0 1 1 0 1 0
 1 0 1]"
7,0.999496247381849,"[1 1 1 1 1 1 1 1 1 1 1 1 1 1 0 0 1 0 1 1 0 0 1 0 1 0 1 0 0 1 1 0 1 1 0 1 0
 1 0 1]"
7,0.0562398993832308,"[1 0 1 1 1 1 1 1 1 1 1 1 1 0 0 1 1 0 0 1 0 0 1 0 0 0 1 0 0 1 0 0 0 1 0 1 0
 1 0 1]"
7,0.9990292884184111,"[1 1 1 1 1 1 1 1 1 1 1 1 1 0 0 1 1 0 1 0 0 0 1 0 1 0 1 1 0 1 0 0 0 1 0 1 0
 0 0 1]"
7,0.9993243734294497,"[1 1 1 1 1 1 1 1 1 1 1 1 1 0 1 1 1 0 0 1 0 0 1 0 0 0 1 0 0 1 0 0 0 1 0 1 0
 1 0 1]"
7,0.9990194251043031,"[1 1 1 1 1 1 1 1 1 1 1 1 1 0 0 1 1 0 0 1 0 0 1 0 0 0 1 0 0 1 0 0 0 1 0 1 0
 1 0 1]"
7,0.9990194297477193,"[1 1 1 1 1 1 1 1 1 1 1 1 1 0 0 1 1 0 0 1 0 0 1 0 0 0 1 0 0 1 1 0 0 1 0 1 0
 1 0 0]"
7,0.999496237491033,"[1 1 1 1 1 1 1 1 1 1 1 1 1 1 0 0 1 0 1 1 0 0 1 0 1 0 1 0 0 0 1 0 1 0 0 1 0
 1 0 1]"
7,0.999324969186326,"[1 1 1 1 1 1 1 1 1 1 1 1 1 0 1 1 1 0 0 1 0 0 1 1 0 0 1 0 0 1 0 0 0 1 0 1 1
 1 0 1]"
7,0.9994962380728457,"[1 1 1 1 1 1 1 1 1 1 1 1 1 1 0 0 1 0 1 1 0 0 1 0 1 0 1 0 0 0 1 0 1 1 0 1 0
 1 0 1]"
7,0.9998013173842989,"[1 1 1 1 1 1 1 1 1 1 1 1 1 1 1 0 1 0 1 1 0 0 1 0 1 0 1 0 0 0 1 0 1 1 0 1 0
 1 0 1]"
7,0.9964713729378574,"[1 1 1 1 1 1 1 1 1 1 1 0 1 0 0 0 1 1 0 1 0 1 1 0 1 0 0 0 0 1 1 0 0 1 0 1 0
 1 0 1]"
7,0.9999538884658876,"[1 1 1 1 1 1 1 1 1 1 1 1 1 1 1 1 1 0 1 1 0 0 1 0 1 0 1 0 0 0 1 0 1 1 0 1 0
 1 0 1]"
7,0.9994962497090998,"[1 1 1 1 1 1 1 1 1 1 1 1 1 1 0 0 1 0 1 1 0 0 1 0 1 0 1 0 0 1 1 1 1 1 0 1 0
 1 0 1]"
7,0.999496247381849,"[1 1 1 1 1 1 1 1 1 1 1 1 1 1 0 0 1 0 1 1 0 0 1 0 1 0 1 0 0 1 1 0 1 1 0 1 0
 1 0 1]"
7,0.9990387796860556,"[1 1 1 1 1 1 1 1 1 1 1 1 1 0 0 1 1 0 1 1 0 0 1 0 1 0 1 0 0 1 0 0 0 1 0 1 0
 1 0 1]"
7,0.999496247381849,"[1 1 1 1 1 1 1 1 1 1 1 1 1 1 0 0 1 0 1 1 0 0 1 0 1 0 1 0 0 1 1 0 1 1 0 1 0
 1 0 1]"
7,0.9998013173842989,"[1 1 1 1 1 1 1 1 1 1 1 1 1 1 1 0 1 0 1 1 0 0 1 0 1 0 1 0 0 0 1 0 1 1 0 1 0
 1 0 1]"
7,0.9990387796860556,"[1 1 1 1 1 1 1 1 1 1 1 1 1 0 0 1 1 0 1 1 0 0 1 0 1 0 1 0 0 1 0 0 0 1 0 1 0
 1 0 1]"
7,0.9988862609969726,"[1 1 1 1 1 1 1 1 1 1 1 1 1 0 0 0 1 0 1 1 0 0 1 0 1 0 0 0 0 1 0 0 1 1 0 1 0
 1 0 0]"
7,0.9990389285687616,"[1 1 1 1 1 1 1 1 1 1 1 1 1 0 0 1 1 0 1 1 0 0 1 0 1 1 1 0 0 1 0 0 0 1 0 1 0
 1 0 1]"
7,0.9991149357973597,"[1 1 1 1 1 1 1 1 1 1 1 1 1 0 1 0 0 0 1 1 0 0 1 0 1 0 0 0 0 1 0 0 0 1 0 1 0
 1 0 1]"
7,0.999496247381849,"[1 1 1 1 1 1 1 1 1 1 1 1 1 1 0 0 1 0 1 1 0 0 1 0 1 0 1 0 0 1 1 0 1 1 0 1 0
 1 0 1]"
7,0.9236513998495889,"[1 1 1 1 1 1 0 1 1 1 1 1 1 0 0 1 1 0 0 1 0 0 1 0 0 0 1 0 0 1 1 0 0 0 1 1 0
 1 0 1]"
7,0.9990292883093671,"[1 1 1 1 1 1 1 1 1 1 1 1 1 0 0 1 1 0 1 0 0 0 1 0 1 0 1 1 0 1 0 0 0 1 0 0 0
 1 0 1]"
7,0.997800473779387,"[1 1 1 1 1 1 1 1 1 1 1 1 0 0 0 1 1 0 0 1 0 0 1 0 0 0 1 0 0 1 1 0 0 1 0 1 0
 1 0 1]"
7,0.9994962497090998,"[1 1 1 1 1 1 1 1 1 1 1 1 1 1 0 0 1 0 1 1 0 0 1 0 1 0 1 0 0 1 1 1 1 1 0 1 0
 1 0 1]"
7,0.9990387796860556,"[1 1 1 1 1 1 1 1 1 1 1 1 1 0 0 1 1 0 1 1 0 0 1 0 1 0 1 0 0 1 0 0 0 1 0 1 0
 1 0 1]"
7,0.9991149357973597,"[1 1 1 1 1 1 1 1 1 1 1 1 1 0 1 0 0 0 1 1 0 0 1 0 1 0 0 0 0 1 0 0 0 1 0 1 0
 1 0 1]"
7,0.999029251198056,"[1 1 1 1 1 1 1 1 1 1 1 1 1 0 0 1 1 0 1 0 0 0 1 0 1 0 1 0 0 1 0 0 0 1 0 1 0
 0 0 1]"
7,0.9994771768888405,"[1 1 1 1 1 1 1 1 1 1 1 1 1 1 0 0 1 0 0 1 0 0 1 0 1 0 1 0 0 1 0 0 0 1 0 1 0
 1 0 1]"
7,0.0009742629295043955,"[0 1 1 1 1 1 1 1 1 1 1 1 1 0 0 0 0 1 0 0 0 1 1 0 1 0 0 1 0 1 1 0 0 1 1 1 0
 1 0 1]"
7,0.9990601492112136,"[1 1 1 1 1 1 1 1 1 1 1 1 1 0 0 1 1 1 0 1 0 1 1 0 1 0 0 0 0 1 1 0 0 1 0 1 0
 1 0 1]"
7,0.9988863389261398,"[1 1 1 1 1 1 1 1 1 1 1 1 1 0 0 0 1 0 1 1 0 0 1 0 1 0 1 0 0 1 1 0 0 1 0 1 0
 1 0 1]"
7,0.9996294110562054,"[1 1 1 1 1 1 1 1 1 1 1 1 1 1 0 1 1 0 0 1 0 0 1 0 0 0 1 0 0 1 1 0 1 0 1 1 0
 1 0 1]"
7,0.9994676819091851,"[1 1 1 1 1 1 1 1 1 1 1 1 1 1 0 0 1 0 0 0 0 0 1 0 1 0 1 1 0 1 0 0 0 1 0 1 0
 1 0 1]"
7,0.9897778388333088,"[1 1 1 1 1 1 1 1 1 0 1 1 1 1 0 0 1 0 1 1 0 0 1 0 1 0 1 0 0 1 1 1 1 1 0 1 0
 1 0 1]"
7,0.8534483902676807,"[1 1 1 1 1 0 1 1 1 1 1 1 1 0 0 1 1 0 1 0 0 0 1 0 1 0 1 0 0 1 0 0 0 1 0 1 0
 0 0 1]"
7,0.9994962404000965,"[1 1 1 1 1 1 1 1 1 1 1 1 1 1 0 0 1 0 1 1 0 0 1 0 1 0 1 0 0 0 1 1 1 1 0 1 0
 1 0 1]"
7,0.9990387796860556,"[1 1 1 1 1 1 1 1 1 1 1 1 1 0 0 1 1 0 1 1 0 0 1 0 1 0 1 0 0 1 0 0 0 1 0 1 0
 1 0 1]"
7,0.9990387796860556,"[1 1 1 1 1 1 1 1 1 1 1 1 1 0 0 1 1 0 1 1 0 0 1 0 1 0 1 0 0 1 0 0 0 1 0 1 0
 1 0 1]"
7,0.9994771827068677,"[1 1 1 1 1 1 1 1 1 1 1 1 1 1 0 0 1 0 0 1 0 0 1 0 1 0 1 0 0 1 1 0 1 1 0 1 0
 1 0 1]"
7,0.9990194666860506,"[1 1 1 1 1 1 1 1 1 1 1 1 1 0 0 1 1 0 0 1 0 0 1 0 0 0 1 1 0 1 1 0 0 0 1 1 0
 1 0 1]"
7,0.9990387796497072,"[1 1 1 1 1 1 1 1 1 1 1 1 1 0 0 1 1 0 1 1 0 0 1 0 1 0 1 0 0 1 0 0 0 1 0 1 0
 0 0 1]"
7,0.523911936166233,"[1 1 1 0 1 1 1 1 1 1 1 1 1 0 0 1 1 0 0 1 0 0 1 0 0 0 1 0 0 1 1 0 0 1 0 1 0
 1 0 1]"
7,0.9988864098592222,"[1 1 1 1 1 1 1 1 1 1 1 1 1 0 0 0 1 0 1 1 0 0 1 0 1 1 0 0 0 1 0 0 1 1 0 1 0
 1 0 0]"
7,0.9990387796860556,"[1 1 1 1 1 1 1 1 1 1 1 1 1 0 0 1 1 0 1 1 0 0 1 0 1 0 1 0 0 1 0 0 0 1 0 1 0
 1 0 1]"
7,0.9994962380728457,"[1 1 1 1 1 1 1 1 1 1 1 1 1 1 0 0 1 0 1 1 0 0 1 0 1 0 1 0 0 0 1 0 1 1 0 1 0
 1 0 1]"
7,0.999029251198056,"[1 1 1 1 1 1 1 1 1 1 1 1 1 0 0 1 1 0 1 0 0 0 1 0 1 0 1 0 0 1 0 0 0 1 0 1 0
 0 0 1]"
7,0.9989625543629544,"[1 1 1 1 1 1 1 1 1 1 1 1 1 0 0 1 0 0 1 1 0 0 1 0 1 0 1 0 0 1 0 0 0 1 0 1 0
 1 0 1]"
7,0.9990387796860556,"[1 1 1 1 1 1 1 1 1 1 1 1 1 0 0 1 1 0 1 1 0 0 1 0 1 0 1 0 0 1 0 0 0 1 0 1 0
 1 0 1]"
7,0.3735811659899604,"[1 1 1 0 0 1 1 1 1 1 1 1 1 1 1 0 1 0 1 1 0 0 1 0 1 0 1 0 0 0 1 0 1 1 0 1 0
 1 0 1]"
7,0.9941708981383774,"[1 1 1 1 1 1 1 1 1 1 0 1 1 0 0 1 1 0 1 1 0 0 1 0 1 0 1 0 0 1 0 0 0 1 0 1 0
 1 0 1]"
7,0.9801258162588411,"[1 1 1 1 1 1 1 1 0 1 1 1 1 1 0 0 1 0 0 1 0 0 1 0 1 0 1 0 0 1 0 0 0 1 0 1 0
 1 0 1]"
7,0.9994962380728457,"[1 1 1 1 1 1 1 1 1 1 1 1 1 1 0 0 1 0 1 1 0 0 1 0 1 0 1 0 0 0 1 0 1 1 0 1 0
 1 0 1]"
7,0.9988863400891261,"[1 1 1 1 1 1 1 1 1 1 1 1 1 0 0 0 1 0 1 1 0 0 1 0 1 0 1 0 0 1 1 0 1 1 0 1 0
 1 0 1]"
7,0.9996689509644523,"[1 1 1 1 1 1 1 1 1 1 1 1 1 1 0 1 1 1 0 1 0 1 0 0 1 0 0 0 0 0 1 0 0 1 0 1 0
 1 0 1]"
7,0.9994962380728457,"[1 1 1 1 1 1 1 1 1 1 1 1 1 1 0 0 1 0 1 1 0 0 1 0 1 0 1 0 0 0 1 0 1 1 0 1 0
 1 0 1]"
7,0.9990601492112136,"[1 1 1 1 1 1 1 1 1 1 1 1 1 0 0 1 1 1 0 1 0 1 1 0 1 0 0 0 0 1 1 0 0 1 0 1 0
 1 0 1]"
7,0.999029251198056,"[1 1 1 1 1 1 1 1 1 1 1 1 1 0 0 1 1 0 1 0 0 0 1 0 1 0 1 0 0 1 0 0 0 1 0 1 0
 0 0 1]"
7,0.9994962380728457,"[1 1 1 1 1 1 1 1 1 1 1 1 1 1 0 0 1 0 1 1 0 0 1 0 1 0 1 0 0 0 1 0 1 1 0 1 0
 1 0 1]"
step,fitness,genome
8,0.999496247381849,"[1 1 1 1 1 1 1 1 1 1 1 1 1 1 0 0 1 0 1 1 0 0 1 0 1 0 1 0 0 1 1 0 1 1 0 1 0
 1 0 1]"
8,0.9998013173842989,"[1 1 1 1 1 1 1 1 1 1 1 1 1 1 1 0 1 0 1 1 0 0 1 0 1 0 1 0 0 0 1 0 1 1 0 1 0
 1 0 1]"
8,0.9990387796860556,"[1 1 1 1 1 1 1 1 1 1 1 1 1 0 0 1 1 0 1 1 0 0 1 0 1 0 1 0 0 1 0 0 0 1 0 1 0
 1 0 1]"
8,0.999499226266879,"[1 1 1 1 1 1 1 1 1 1 1 1 1 1 0 0 1 0 1 1 0 1 1 1 1 0 1 0 0 1 1 0 1 1 0 1 0
 1 0 1]"
8,0.9996487765644192,"[1 1 1 1 1 1 1 1 1 1 1 1 1 1 0 1 1 0 1 1 0 0 1 0 1 0 1 0 0 1 1 0 1 1 0 1 0
 1 0 1]"
8,0.9998019133243238,"[1 1 1 1 1 1 1 1 1 1 1 1 1 1 1 0 1 0 1 1 0 0 1 1 1 0 1 0 0 0 1 0 1 1 0 1 0
 1 0 1]"
8,0.999496247381849,"[1 1 1 1 1 1 1 1 1 1 1 1 1 1 0 0 1 0 1 1 0 0 1 0 1 0 1 0 0 1 1 0 1 1 0 1 0
 1 0 1]"
8,0.9996487660903522,"[1 1 1 1 1 1 1 1 1 1 1 1 1 1 0 1 1 0 1 1 0 0 1 0 1 0 1 0 0 0 1 0 0 1 0 1 0
 1 0 1]"
8,0.9994962427273473,"[1 1 1 1 1 1 1 1 1 1 1 1 1 1 0 0 1 0 1 1 0 0 1 0 1 0 1 0 0 1 0 0 1 1 0 1 0
 1 0 1]"
8,0.9994867056945246,"[1 1 1 1 1 1 1 1 1 1 1 1 1 1 0 0 1 0 1 0 0 0 1 0 1 0 1 0 0 0 1 0 1 1 0 1 0
 1 0 1]"
8,0.9994962380728457,"[1 1 1 1 1 1 1 1 1 1 1 1 1 1 0 0 1 0 1 1 0 0 1 0 1 0 1 0 0 0 1 0 1 1 0 1 0
 1 0 1]"
8,0.999648775400634,"[1 1 1 1 1 1 1 1 1 1 1 1 1 1 0 1 1 0 1 1 0 0 1 0 1 0 1 0 0 1 1 0 0 1 0 1 0
 1 0 1]"
8,0.9994962380728457,"[1 1 1 1 1 1 1 1 1 1 1 1 1 1 0 0 1 0 1 1 0 0 1 0 1 0 1 0 0 0 1 0 1 1 0 1 0
 1 0 1]"
8,0.9990389284233683,"[1 1 1 1 1 1 1 1 1 1 1 1 1 0 0 1 1 0 1 1 0 0 1 0 1 1 1 0 0 1 0 0 0 1 0 0 0
 1 0 1]"
8,0.9994962380728457,"[1 1 1 1 1 1 1 1 1 1 1 1 1 1 0 0 1 0 1 1 0 0 1 0 1 0 1 0 0 0 1 0 1 1 0 1 0
 1 0 1]"
8,0.999496247381849,"[1 1 1 1 1 1 1 1 1 1 1 1 1 1 0 0 1 0 1 1 0 0 1 0 1 0 1 0 0 1 1 0 1 1 0 1 0
 1 0 1]"
8,0.9998013173842989,"[1 1 1 1 1 1 1 1 1 1 1 1 1 1 1 0 1 0 1 1 0 0 1 0 1 0 1 0 0 0 1 0 1 1 0 1 0
 1 0 1]"
8,0.9990387796860556,"[1 1 1 1 1 1 1 1 1 1 1 1 1 0 0 1 1 0 1 1 0 0 1 0 1 0 1 0 0 1 0 0 0 1 0 1 0
 1 0 1]"
8,0.9946263499851773,"[1 1 1 1 1 1 1 1 1 1 0 1 1 1 0 0 1 0 1 1 0 0 1 0 1 0 1 0 0 0 1 0 1 1 0 1 0
 1 0 1]"
8,0.9994962380728457,"[1 1 1 1 1 1 1 1 1 1 1 1 1 1 0 0 1 0 1 1 0 0 1 0 1 0 1 0 0 0 1 0 1 1 0 1 0
 1 0 1]"
8,0.999496247381849,"[1 1 1 1 1 1 1 1 1 1 1 1 1 1 0 0 1 0 1 1 0 0 1 0 1 0 1 0 0 1 1 0 1 1 0 1 0
 1 0 1]"
8,0.9998013173842989,"[1 1 1 1 1 1 1 1 1 1 1 1 1 1 1 0 1 0 1 1 0 0 1 0 1 0 1 0 0 0 1 0 1 1 0 1 0
 1 0 1]"
8,0.999496247381849,"[1 1 1 1 1 1 1 1 1 1 1 1 1 1 0 0 1 0 1 1 0 0 1 0 1 0 1 0 0 1 1 0 1 1 0 1 0
 1 0 1]"
8,0.9999538884658876,"[1 1 1 1 1 1 1 1 1 1 1 1 1 1 1 1 1 0 1 1 0 0 1 0 1 0 1 0 0 0 1 0 1 1 0 1 0
 1 0 1]"
8,0.9994962473454856,"[1 1 1 1 1 1 1 1 1 1 1 1 1 1 0 0 1 0 1 1 0 0 1 0 1 0 1 0 0 1 1 0 1 1 0 1 0
 0 0 1]"
8,0.999496247381849,"[1 1 1 1 1 1 1 1 1 1 1 1 1 1 0 0 1 0 1 1 0 0 1 0 1 0 1 0 0 1 1 0 1 1 0 1 0
 1 0 1]"
8,0.9998013173842989,"[1 1 1 1 1 1 1 1 1 1 1 1 1 1 1 0 1 0 1 1 0 0 1 0 1 0 1 0 0 0 1 0 1 1 0 1 0
 1 0 1]"
8,0.9994867103489862,"[1 1 1 1 1 1 1 1 1 1 1 1 1 1 0 0 1 0 1 0 0 0 1 0 1 0 1 0 0 1 0 0 1 1 0 1 0
 1 0 1]"
8,0.8538536691127745,"[1 1 1 1 1 0 1 1 1 1 1 1 1 1 0 0 1 0 1 1 0 0 1 0 1 0 1 0 0 1 1 0 1 1 0 1 0
 1 0 1]"
8,0.999496247381849,"[1 1 1 1 1 1 1 1 1 1 1 1 1 1 0 0 1 0 1 1 0 0 1 0 1 0 1 0 0 1 1 0 1 1 0 1 0
 1 0 1]"
8,0.999496247381849,"[1 1 1 1 1 1 1 1 1 1 1 1 1 1 0 0 1 0 1 1 0 0 1 0 1 0 1 0 0 1 1 0 1 1 0 1 0
 1 0 1]"
8,0.999496247381849,"[1 1 1 1 1 1 1 1 1 1 1 1 1 1 0 0 1 0 1 1 0 0 1 0 1 0 1 0 0 1 1 0 1 1 0 1 0
 1 0 1]"
8,0.9999348159348205,"[1 1 1 1 1 1 1 1 1 1 1 1 1 1 1 1 1 0 0 1 0 0 1 0 1 0 1 0 0 0 1 0 1 1 0 1 0
 1 0 1]"
8,0.9994962404000965,"[1 1 1 1 1 1 1 1 1 1 1 1 1 1 0 0 1 0 1 1 0 0 1 0 1 0 1 0 0 0 1 1 1 1 0 1 0
 1 0 1]"
8,0.9990387796860556,"[1 1 1 1 1 1 1 1 1 1 1 1 1 0 0 1 1 0 1 1 0 0 1 0 1 0 1 0 0 1 0 0 0 1 0 1 0
 1 0 1]"
8,0.9994962474000306,"[1 1 1 1 1 1 1 1 1 1 1 1 1 1 0 0 1 0 1 1 0 0 1 0 1 0 1 0 0 1 1 0 1 1 0 1 0
 1 1 1]"
8,0.9990387796860556,"[1 1 1 1 1 1 1 1 1 1 1 1 1 0 0 1 1 0 1 1 0 0 1 0 1 0 1 0 0 1 0 0 0 1 0 1 0
 1 0 1]"
8,0.5239227603599514,"[1 1 1 0 1 1 1 1 1 1 1 1 1 0 0 1 1 0 1 1 0 0 1 0 1 0 1 0 0 1 0 0 0 1 0 1 0
 1 0 1]"
8,0.9991149357973597,"[1 1 1 1 1 1 1 1 1 1 1 1 1 0 1 0 0 0 1 1 0 0 1 0 1 0 0 0 0 1 0 0 0 1 0 1 0
 1 0 1]"
8,0.9240957179869306,"[1 1 1 1 1 1 0 1 1 1 1 1 1 1 0 0 1 0 1 1 0 0 1 0 1 0 1 0 0 1 1 0 1 1 0 1 0
 1 0 1]"
8,0.9999538884840767,"[1 1 1 1 1 1 1 1 1 1 1 1 1 1 1 1 1 0 1 1 0 0 1 0 1 0 1 0 0 0 1 0 1 1 0 1 0
 1 1 1]"
8,0.9998014663692751,"[1 1 1 1 1 1 1 1 1 1 1 1 1 1 1 0 1 0 1 1 0 0 1 0 1 1 1 0 0 0 1 0 1 1 0 1 0
 1 0 1]"
8,0.999324969186326,"[1 1 1 1 1 1 1 1 1 1 1 1 1 0 1 1 1 0 0 1 0 0 1 1 0 0 1 0 0 1 0 0 0 1 0 1 1
 1 0 1]"
8,0.9994962497090998,"[1 1 1 1 1 1 1 1 1 1 1 1 1 1 0 0 1 0 1 1 0 0 1 0 1 0 1 0 0 1 1 1 1 1 0 1 0
 1 0 1]"
8,0.999496247381849,"[1 1 1 1 1 1 1 1 1 1 1 1 1 1 0 0 1 0 1 1 0 0 1 0 1 0 1 0 0 1 1 0 1 1 0 1 0
 1 0 1]"
8,0.727941505755877,"[1 1 1 1 0 1 1 1 1 1 1 1 1 1 1 1 1 0 1 1 0 0 1 0 1 0 1 0 0 0 1 0 1 1 0 1 0
 1 0 1]"
8,0.9990387796860556,"[1 1 1 1 1 1 1 1 1 1 1 1 1 0 0 1 1 0 1 1 0 0 1 0 1 0 1 0 0 1 0 0 0 1 0 1 0
 1 0 1]"
8,0.9990384819207034,"[1 1 1 1 1 1 1 1 1 1 1 1 1 0 0 1 1 0 1 1 0 0 1 0 0 0 1 0 0 1 0 0 0 1 0 1 0
 1 0 1]"
8,0.999496247381849,"[1 1 1 1 1 1 1 1 1 1 1 1 1 1 0 0 1 0 1 1 0 0 1 0 1 0 1 0 0 1 1 0 1 1 0 1 0
 1 0 1]"
8,0.9994962380728457,"[1 1 1 1 1 1 1 1 1 1 1 1 1 1 0 0 1 0 1 1 0 0 1 0 1 0 1 0 0 0 1 0 1 1 0 1 0
 1 0 1]"
8,0.9999538884658876,"[1 1 1 1 1 1 1 1 1 1 1 1 1 1 1 1 1 0 1 1 0 0 1 0 1 0 1 0 0 0 1 0 1 1 0 1 0
 1 0 1]"
8,0.9988863400891261,"[1 1 1 1 1 1 1 1 1 1 1 1 1 0 0 0 1 0 1 1 0 0 1 0 1 0 1 0 0 1 1 0 1 1 0 1 0
 1 0 1]"
8,0.9973630277345542,"[1 1 1 1 1 1 1 1 1 1 1 0 1 1 1 0 1 0 1 1 0 0 1 0 1 0 1 0 0 0 1 0 1 1 0 1 0
 1 0 1]"
8,0.9998013173842989,"[1 1 1 1 1 1 1 1 1 1 1 1 1 1 1 0 1 0 1 1 0 0 1 0 1 0 1 0 0 0 1 0 1 1 0 1 0
 1 0 1]"
8,0.9994867150034479,"[1 1 1 1 1 1 1 1 1 1 1 1 1 1 0 0 1 0 1 0 0 0 1 0 1 0 1 0 0 1 1 0 1 1 0 1 0
 1 0 1]"
8,0.9994962380728457,"[1 1 1 1 1 1 1 1 1 1 1 1 1 1 0 0 1 0 1 1 0 0 1 0 1 0 1 0 0 0 1 0 1 1 0 1 0
 1 0 1]"
8,0.999477178052446,"[1 1 1 1 1 1 1 1 1 1 1 1 1 1 0 0 1 0 0 1 0 0 1 0 1 0 1 0 0 1 0 0 1 1 0 1 0
 1 0 1]"
8,0.999496247381849,"[1 1 1 1 1 1 1 1 1 1 1 1 1 1 0 0 1 0 1 1 0 0 1 0 1 0 1 0 0 1 1 0 1 1 0 1 0
 1 0 1]"
8,0.9998013173842989,"[1 1 1 1 1 1 1 1 1 1 1 1 1 1 1 0 1 0 1 1 0 0 1 0 1 0 1 0 0 0 1 0 1 1 0 1 0
 1 0 1]"
8,0.9994986304892338,"[1 1 1 1 1 1 1 1 1 1 1 1 1 1 0 0 1 0 1 1 0 1 1 0 1 0 1 0 0 1 1 0 1 1 0 1 0
 1 0 1]"
8,0.9994962404000965,"[1 1 1 1 1 1 1 1 1 1 1 1 1 1 0 0 1 0 1 1 0 0 1 0 1 0 1 0 0 0 1 1 1 1 0 1 0
 1 0 1]"
8,0.999496247381849,"[1 1 1 1 1 1 1 1 1 1 1 1 1 1 0 0 1 0 1 1 0 0 1 0 1 0 1 0 0 1 1 0 1 1 0 1 0
 1 0 1]"
8,0.9994962497090998,"[1 1 1 1 1 1 1 1 1 1 1 1 1 1 0 0 1 0 1 1 0 0 1 0 1 0 1 0 0 1 1 1 1 1 0 1 0
 1 0 1]"
8,0.9994867150034479,"[1 1 1 1 1 1 1 1 1 1 1 1 1 1 0 0 1 0 1 0 0 0 1 0 1 0 1 0 0 1 1 0 1 1 0 1 0
 1 0 1]"
8,0.9990102317598418,"[1 1 1 1 1 1 1 1 1 1 1 1 1 0 0 1 1 0 0 0 0 0 1 0 1 0 1 1 0 1 0 0 0 1 0 1 0
 0 0 1]"
8,0.9994962473727581,"[1 1 1 1 1 1 1 1 1 1 1 1 1 1 0 0 1 0 1 1 0 0 1 0 1 0 1 0 0 1 1 0 1 1 0 1 0
 1 0 0]"
8,0.9998013360074198,"[1 1 1 1 1 1 1 1 1 1 1 1 1 1 1 0 1 0 1 1 0 0 1 0 1 0 1 0 1 0 1 0 1 1 0 1 0
 1 0 1]"
8,0.9994968431582157,"[1 1 1 1 1 1 1 1 1 1 1 1 1 1 0 0 1 0 1 1 0 0 1 1 1 0 1 0 0 1 1 0 1 1 0 1 0
 1 0 1]"
8,0.9994771070725175,"[1 1 1 1 1 1 1 1 1 1 1 1 1 1 0 0 1 0 0 1 0 0 1 0 1 0 0 0 0 1 1 0 0 1 0 1 0
 1 0 1]"
8,0.9990590279173895,"[1 1 1 1 1 1 1 1 1 1 1 1 1 0 0 1 1 1 0 1 0 1 0 0 1 0 1 0 0 1 0 0 0 1 0 1 0
 1 0 1]"
8,0.5239227603599514,"[1 1 1 0 1 1 1 1 1 1 1 1 1 0 0 1 1 0 1 1 0 0 1 0 1 0 1 0 0 1 0 0 0 1 0 1 0
 1 0 1]"
8,0.999496247381849,"[1 1 1 1 1 1 1 1 1 1 1 1 1 1 0 0 1 0 1 1 0 0 1 0 1 0 1 0 0 1 1 0 1 1 0 1 0
 1 0 1]"
8,0.9990387796860556,"[1 1 1 1 1 1 1 1 1 1 1 1 1 0 0 1 1 0 1 1 0 0 1 0 1 0 1 0 0 1 0 0 0 1 0 1 0
 1 0 1]"
8,0.9996487672541374,"[1 1 1 1 1 1 1 1 1 1 1 1 1 1 0 1 1 0 1 1 0 0 1 0 1 0 1 0 0 0 1 0 1 1 0 1 0
 1 0 1]"
8,0.26292412391451436,"[1 1 0 1 1 1 1 1 1 1 1 1 1 1 0 0 1 0 1 1 0 0 1 0 1 0 1 0 0 1 1 0 1 1 0 1 0
 1 0 1]"
8,0.9994771768888405,"[1 1 1 1 1 1 1 1 1 1 1 1 1 1 0 0 1 0 0 1 0 0 1 0 1 0 1 0 0 1 0 0 0 1 0 1 0
 1 0 1]"
8,0.9994962497090998,"[1 1 1 1 1 1 1 1 1 1 1 1 1 1 0 0 1 0 1 1 0 0 1 0 1 0 1 0 0 1 1 1 1 1 0 1 0
 1 0 1]"
8,0.9994962497090998,"[1 1 1 1 1 1 1 1 1 1 1 1 1 1 0 0 1 0 1 1 0 0 1 0 1 0 1 0 0 1 1 1 1 1 0 1 0
 1 0 1]"
8,0.9999345275328184,"[1 1 1 1 1 1 1 1 1 1 1 1 1 1 1 1 1 0 0 1 0 0 1 0 0 0 1 0 0 1 1 0 1 1 1 1 0
 1 0 1]"
8,0.9990194248135217,"[1 1 1 1 1 1 1 1 1 1 1 1 1 0 0 1 1 0 0 1 0 0 1 0 0 0 1 0 0 1 0 0 0 0 1 1 0
 1 0 1]"
8,0.9996294107652642,"[1 1 1 1 1 1 1 1 1 1 1 1 1 1 0 1 1 0 0 1 0 0 1 0 0 0 1 0 0 1 1 0 1 0 0 1 0
 1 0 1]"
8,0.999496247381849,"[1 1 1 1 1 1 1 1 1 1 1 1 1 1 0 0 1 0 1 1 0 0 1 0 1 0 1 0 0 1 1 0 1 1 0 1 0
 1 0 1]"
8,0.9994867056945246,"[1 1 1 1 1 1 1 1 1 1 1 1 1 1 0 0 1 0 1 0 0 0 1 0 1 0 1 0 0 0 1 0 1 1 0 1 0
 1 0 1]"
8,0.9994962462182235,"[1 1 1 1 1 1 1 1 1 1 1 1 1 1 0 0 1 0 1 1 0 0 1 0 1 0 1 0 0 1 1 0 0 1 0 1 0
 1 0 1]"
8,0.9978030761777106,"[1 1 1 1 1 1 1 1 1 1 1 1 0 0 0 1 1 0 0 1 0 1 1 0 1 0 0 0 0 1 1 0 0 1 0 0 0
 1 0 1]"
8,0.9993291389116853,"[1 1 1 1 1 1 1 1 1 1 1 1 1 0 1 1 1 0 0 1 1 0 1 0 0 0 1 0 0 1 0 0 0 1 0 1 0
 1 0 1]"
8,0.7275976063740521,"[1 1 1 1 0 1 1 1 1 1 1 1 1 1 0 0 1 0 1 1 0 0 1 0 1 0 1 0 0 1 0 0 1 1 0 1 0
 1 0 1]"
8,0.9994676447468553,"[1 1 1 1 1 1 1 1 1 1 1 1 1 1 0 0 1 0 0 0 0 0 1 0 1 0 1 0 0 1 0 0 0 1 0 1 1
 1 0 1]"
8,0.9994962380728457,"[1 1 1 1 1 1 1 1 1 1 1 1 1 1 0 0 1 0 1 1 0 0 1 0 1 0 1 0 0 0 1 0 1 1 0 1 0
 1 0 1]"
8,0.9996487672541374,"[1 1 1 1 1 1 1 1 1 1 1 1 1 1 0 1 1 0 1 1 0 0 1 0 1 0 1 0 0 0 1 0 1 1 0 1 0
 1 0 1]"
8,0.999029251198056,"[1 1 1 1 1 1 1 1 1 1 1 1 1 0 0 1 1 0 1 0 0 0 1 0 1 0 1 0 0 1 0 0 0 1 0 1 0
 0 0 1]"
8,0.999496247381849,"[1 1 1 1 1 1 1 1 1 1 1 1 1 1 0 0 1 0 1 1 0 0 1 0 1 0 1 0 0 1 1 0 1 1 0 1 0
 1 0 1]"
8,0.9989077008645948,"[1 1 1 1 1 1 1 1 1 1 1 1 1 0 0 0 1 1 0 1 0 1 1 0 1 0 0 0 0 1 1 0 0 1 0 1 0
 1 0 1]"
8,0.999496247381849,"[1 1 1 1 1 1 1 1 1 1 1 1 1 1 0 0 1 0 1 1 0 0 1 0 1 0 1 0 0 1 1 0 1 1 0 1 0
 1 0 1]"
8,0.9994771827068677,"[1 1 1 1 1 1 1 1 1 1 1 1 1 1 0 0 1 0 0 1 0 0 1 0 1 0 1 0 0 1 1 0 1 1 0 1 0
 1 0 1]"
8,0.9996689509644523,"[1 1 1 1 1 1 1 1 1 1 1 1 1 1 0 1 1 1 0 1 0 1 0 0 1 0 0 0 0 0 1 0 0 1 0 1 0
 1 0 1]"
8,0.9968871307751693,"[1 1 1 1 1 1 1 1 1 1 1 0 1 0 1 1 1 0 0 1 0 0 1 0 0 0 1 0 0 1 0 0 0 1 0 1 0
 1 0 1]"
8,0.999496247381849,"[1 1 1 1 1 1 1 1 1 1 1 1 1 1 0 0 1 0 1 1 0 0 1 0 1 0 1 0 0 1 1 0 1 1 0 1 0
 1 0 1]"
8,0.9990292882730191,"[1 1 1 1 1 1 1 1 1 1 1 1 1 0 0 1 1 0 1 0 0 0 1 0 1 0 1 1 0 1 0 0 0 1 0 0 0
 0 0 1]"
8,0.9994962380728457,"[1 1 1 1 1 1 1 1 1 1 1 1 1 1 0 0 1 0 1 1 0 0 1 0 1 0 1 0 0 0 1 0 1 1 0 1 0
 1 0 1]"
step,fitness,genome
9,0.9998013173842989,"[1 1 1 1 1 1 1 1 1 1 1 1 1 1 1 0 1 0 1 1 0 0 1 0 1 0 1 0 0 0 1 0 1 1 0 1 0
 1 0 1]"
9,0.9996487660903522,"[1 1 1 1 1 1 1 1 1 1 1 1 1 1 0 1 1 0 1 1 0 0 1 0 1 0 1 0 0 0 1 0 0 1 0 1 0
 1 0 1]"
9,0.9994700335381271,"[1 1 1 1 1 1 1 1 1 1 1 1 1 1 0 0 1 0 0 0 0 1 1 0 1 0 1 0 0 1 1 0 1 1 0 1 0
 1 0 1]"
9,0.9996784849070692,"[1 1 1 1 1 1 1 1 1 1 1 1 1 1 0 1 1 1 1 0 0 1 0 0 1 0 0 0 0 0 1 0 0 1 0 1 0
 1 0 1]"
9,0.9998013360074198,"[1 1 1 1 1 1 1 1 1 1 1 1 1 1 1 0 1 0 1 1 0 0 1 0 1 0 1 0 1 0 1 0 1 1 0 1 0
 1 0 1]"
9,0.9994771827068677,"[1 1 1 1 1 1 1 1 1 1 1 1 1 1 0 0 1 0 0 1 0 0 1 0 1 0 1 0 0 1 1 0 1 1 0 1 0
 1 0 1]"
9,0.9999538884658876,"[1 1 1 1 1 1 1 1 1 1 1 1 1 1 1 1 1 0 1 1 0 0 1 0 1 0 1 0 0 0 1 0 1 1 0 1 0
 1 0 1]"
9,0.9999348160075757,"[1 1 1 1 1 1 1 1 1 1 1 1 1 1 1 1 1 0 0 1 0 0 1 0 1 0 1 0 0 0 1 0 1 1 0 1 1
 1 0 1]"
9,0.9991912611595352,"[1 1 1 1 1 1 1 1 1 1 1 1 1 0 1 0 1 0 1 1 0 0 1 0 1 0 1 0 1 0 1 0 1 1 0 1 0
 1 0 1]"
9,0.9999538879020243,"[1 1 1 1 1 1 1 1 1 1 1 1 1 1 1 1 1 0 1 1 0 0 1 0 1 0 1 0 0 0 1 0 1 0 0 1 0
 1 1 1]"
9,0.9988863424150988,"[1 1 1 1 1 1 1 1 1 1 1 1 1 0 0 0 1 0 1 1 0 0 1 0 1 0 1 0 0 1 1 1 1 1 0 1 0
 1 0 1]"
9,0.999648775400634,"[1 1 1 1 1 1 1 1 1 1 1 1 1 1 0 1 1 0 1 1 0 0 1 0 1 0 1 0 0 1 1 0 0 1 0 1 0
 1 0 1]"
9,0.9994968431582157,"[1 1 1 1 1 1 1 1 1 1 1 1 1 1 0 0 1 0 1 1 0 0 1 1 1 0 1 0 0 1 1 0 1 1 0 1 0
 1 0 1]"
9,0.2622431885797042,"[1 1 0 1 1 1 1 1 1 1 1 0 1 1 0 1 1 1 0 1 0 1 0 0 1 0 0 0 0 0 1 0 0 1 0 1 0
 1 0 1]"
9,0.9998001255052082,"[1 1 1 1 1 1 1 1 1 1 1 1 1 1 1 0 1 0 1 1 0 0 0 0 1 0 1 0 0 0 1 0 1 1 0 1 0
 1 0 1]"
9,0.9999345275328184,"[1 1 1 1 1 1 1 1 1 1 1 1 1 1 1 1 1 0 0 1 0 0 1 0 0 0 1 0 0 1 1 0 1 1 1 1 0
 1 0 1]"
9,0.9999345275328184,"[1 1 1 1 1 1 1 1 1 1 1 1 1 1 1 1 1 0 0 1 0 0 1 0 0 0 1 0 0 1 1 0 1 1 1 1 0
 1 0 1]"
9,0.999496247381849,"[1 1 1 1 1 1 1 1 1 1 1 1 1 1 0 0 1 0 1 1 0 0 1 0 1 0 1 0 0 1 1 0 1 1 0 1 0
 1 0 1]"
9,0.9998010194144064,"[1 1 1 1 1 1 1 1 1 1 1 1 1 1 1 0 1 0 1 1 0 0 1 0 0 0 1 0 0 0 1 0 1 1 0 1 0
 1 0 1]"
9,0.9996297086891264,"[1 1 1 1 1 1 1 1 1 1 1 1 1 1 0 1 1 0 0 1 0 0 1 0 1 0 1 0 0 1 1 0 1 0 0 1 0
 1 0 1]"
9,0.999499226266879,"[1 1 1 1 1 1 1 1 1 1 1 1 1 1 0 0 1 0 1 1 0 1 1 1 1 0 1 0 0 1 1 0 1 1 0 1 0
 1 0 1]"
9,0.9998013172388058,"[1 1 1 1 1 1 1 1 1 1 1 1 1 1 1 0 1 0 1 1 0 0 1 0 1 0 1 0 0 0 1 0 1 1 0 0 0
 1 0 1]"
9,0.9994962474000306,"[1 1 1 1 1 1 1 1 1 1 1 1 1 1 0 0 1 0 1 1 0 0 1 0 1 0 1 0 0 1 1 0 1 1 0 1 0
 1 1 1]"
9,0.9780486927181632,"[1 1 1 1 1 1 1 1 0 1 1 0 1 1 1 0 1 0 1 1 0 0 1 0 1 1 1 0 0 0 1 0 1 1 0 1 0
 1 0 1]"
9,0.999499226266879,"[1 1 1 1 1 1 1 1 1 1 1 1 1 1 0 0 1 0 1 1 0 1 1 1 1 0 1 0 0 1 1 0 1 1 0 1 0
 1 0 1]"
9,0.9996487672541374,"[1 1 1 1 1 1 1 1 1 1 1 1 1 1 0 1 1 0 1 1 0 0 1 0 1 0 1 0 0 0 1 0 1 1 0 1 0
 1 0 1]"
9,0.9975152639000501,"[1 1 1 1 1 1 1 1 1 1 1 0 1 1 1 1 1 0 1 1 0 0 1 0 1 0 1 0 0 0 1 0 1 1 0 1 0
 1 0 1]"
9,0.9998013173842989,"[1 1 1 1 1 1 1 1 1 1 1 1 1 1 1 0 1 0 1 1 0 0 1 0 1 0 1 0 0 0 1 0 1 1 0 1 0
 1 0 1]"
9,0.9998013173842989,"[1 1 1 1 1 1 1 1 1 1 1 1 1 1 1 0 1 0 1 1 0 0 1 0 1 0 1 0 0 0 1 0 1 1 0 1 0
 1 0 1]"
9,0.9998037011463167,"[1 1 1 1 1 1 1 1 1 1 1 1 1 1 1 0 1 0 1 1 0 1 1 0 1 0 1 0 0 0 1 0 1 1 0 1 0
 1 0 1]"
9,0.5241787523704613,"[1 1 1 0 1 1 1 1 1 1 1 1 1 1 0 0 1 0 1 1 0 0 1 0 1 1 1 0 0 1 1 1 1 1 0 1 0
 1 0 1]"
9,0.9994962427273473,"[1 1 1 1 1 1 1 1 1 1 1 1 1 1 0 0 1 0 1 1 0 0 1 0 1 0 1 0 0 1 0 0 1 1 0 1 0
 1 0 1]"
9,0.5244346791567817,"[1 1 1 0 1 1 1 1 1 1 1 1 1 1 1 1 1 0 1 1 0 0 1 0 1 0 1 0 0 0 1 0 1 1 0 1 0
 1 0 0]"
9,0.9999538884658876,"[1 1 1 1 1 1 1 1 1 1 1 1 1 1 1 1 1 0 1 1 0 0 1 0 1 0 1 0 0 0 1 0 1 1 0 1 0
 1 0 1]"
9,0.999499226266879,"[1 1 1 1 1 1 1 1 1 1 1 1 1 1 0 0 1 0 1 1 0 1 1 1 1 0 1 0 0 1 1 0 1 1 0 1 0
 1 0 1]"
9,0.9998013173842989,"[1 1 1 1 1 1 1 1 1 1 1 1 1 1 1 0 1 0 1 1 0 0 1 0 1 0 1 0 0 0 1 0 1 1 0 1 0
 1 0 1]"
9,0.9998013173842989,"[1 1 1 1 1 1 1 1 1 1 1 1 1 1 1 0 1 0 1 1 0 0 1 0 1 0 1 0 0 0 1 0 1 1 0 1 0
 1 0 1]"
9,0.8541184230975254,"[1 1 1 1 1 0 1 1 1 1 1 1 1 1 1 0 1 0 1 1 0 0 1 0 1 0 1 0 0 0 1 0 1 1 0 1 0
 1 0 1]"
9,0.9996294107652642,"[1 1 1 1 1 1 1 1 1 1 1 1 1 1 0 1 1 0 0 1 0 0 1 0 0 0 1 0 0 1 1 0 1 0 0 1 0
 1 0 1]"
9,0.9999538884658876,"[1 1 1 1 1 1 1 1 1 1 1 1 1 1 1 1 1 0 1 1 0 0 1 0 1 0 1 0 0 0 1 0 1 1 0 1 0
 1 0 1]"
9,0.9998013173842989,"[1 1 1 1 1 1 1 1 1 1 1 1 1 1 1 0 1 0 1 1 0 0 1 0 1 0 1 0 0 0 1 0 1 1 0 1 0
 1 0 1]"
9,0.9996689509644523,"[1 1 1 1 1 1 1 1 1 1 1 1 1 1 0 1 1 1 0 1 0 1 0 0 1 0 0 0 0 0 1 0 0 1 0 1 0
 1 0 1]"
9,0.9994962380728457,"[1 1 1 1 1 1 1 1 1 1 1 1 1 1 0 0 1 0 1 1 0 0 1 0 1 0 1 0 0 0 1 0 1 1 0 1 0
 1 0 1]"
9,0.9996487672541374,"[1 1 1 1 1 1 1 1 1 1 1 1 1 1 0 1 1 0 1 1 0 0 1 0 1 0 1 0 0 0 1 0 1 1 0 1 0
 1 0 1]"
9,0.9998013173842989,"[1 1 1 1 1 1 1 1 1 1 1 1 1 1 1 0 1 0 1 1 0 0 1 0 1 0 1 0 0 0 1 0 1 1 0 1 0
 1 0 1]"
9,0.9996511599991105,"[1 1 1 1 1 1 1 1 1 1 1 1 1 1 0 1 1 0 1 1 0 1 1 0 1 0 1 0 0 1 1 0 1 1 0 1 0
 1 0 1]"
9,0.999648775400634,"[1 1 1 1 1 1 1 1 1 1 1 1 1 1 0 1 1 0 1 1 0 0 1 0 1 0 1 0 0 1 1 0 0 1 0 1 0
 1 0 1]"
9,0.9998013173842989,"[1 1 1 1 1 1 1 1 1 1 1 1 1 1 1 0 1 0 1 1 0 0 1 0 1 0 1 0 0 0 1 0 1 1 0 1 0
 1 0 1]"
9,0.9998013173842989,"[1 1 1 1 1 1 1 1 1 1 1 1 1 1 1 0 1 0 1 1 0 0 1 0 1 0 1 0 0 0 1 0 1 1 0 1 0
 1 0 1]"
9,0.9999538884658876,"[1 1 1 1 1 1 1 1 1 1 1 1 1 1 1 1 1 0 1 1 0 0 1 0 1 0 1 0 0 0 1 0 1 1 0 1 0
 1 0 1]"
9,0.9999538884658876,"[1 1 1 1 1 1 1 1 1 1 1 1 1 1 1 1 1 0 1 1 0 0 1 0 1 0 1 0 0 0 1 0 1 1 0 1 0
 1 0 1]"
9,0.9998013173842989,"[1 1 1 1 1 1 1 1 1 1 1 1 1 1 1 0 1 0 1 1 0 0 1 0 1 0 1 0 0 0 1 0 1 1 0 1 0
 1 0 1]"
9,0.9998013173842989,"[1 1 1 1 1 1 1 1 1 1 1 1 1 1 1 0 1 0 1 1 0 0 1 0 1 0 1 0 0 0 1 0 1 1 0 1 0
 1 0 1]"
9,0.7279269568270356,"[1 1 1 1 0 1 1 1 1 1 1 1 1 1 1 1 1 0 0 1 0 0 1 0 0 0 1 0 0 1 1 0 1 1 1 1 0
 1 0 1]"
9,0.854250831850854,"[1 1 1 1 1 0 1 1 1 1 1 1 1 1 1 1 1 0 1 1 0 0 1 0 1 0 1 0 0 0 1 0 1 1 0 1 0
 1 1 1]"
9,0.9999538884658876,"[1 1 1 1 1 1 1 1 1 1 1 1 1 1 1 1 1 0 1 1 0 0 1 0 1 0 1 0 0 0 1 0 1 1 0 1 0
 1 0 1]"
9,0.9998013173842989,"[1 1 1 1 1 1 1 1 1 1 1 1 1 1 1 0 1 0 1 1 0 0 1 0 1 0 1 0 0 0 1 0 1 1 0 1 0
 1 0 1]"
9,0.9994962497090998,"[1 1 1 1 1 1 1 1 1 1 1 1 1 1 0 0 1 0 1 1 0 0 1 0 1 0 1 0 0 1 1 1 1 1 0 1 0
 1 0 1]"
9,0.9994962497090998,"[1 1 1 1 1 1 1 1 1 1 1 1 1 1 0 0 1 0 1 1 0 0 1 0 1 0 1 0 0 1 1 1 1 1 0 1 0
 1 0 1]"
9,0.9998019133152305,"[1 1 1 1 1 1 1 1 1 1 1 1 1 1 1 0 1 0 1 1 0 0 1 1 1 0 1 0 0 0 1 0 1 1 0 1 0
 1 0 0]"
9,0.9998013173842989,"[1 1 1 1 1 1 1 1 1 1 1 1 1 1 1 0 1 0 1 1 0 0 1 0 1 0 1 0 0 0 1 0 1 1 0 1 0
 1 0 1]"
9,0.9949300911846845,"[1 1 1 1 1 1 1 1 1 1 0 1 1 1 1 0 1 0 1 1 0 0 1 0 1 0 1 0 0 0 1 0 1 1 0 1 0
 1 0 1]"
9,0.5241812923477107,"[1 1 1 0 1 1 1 1 1 1 1 1 1 1 0 0 1 0 1 1 1 0 1 0 1 0 0 0 0 1 1 0 1 1 0 1 0
 1 0 1]"
9,0.9999538884658876,"[1 1 1 1 1 1 1 1 1 1 1 1 1 1 1 1 1 0 1 1 0 0 1 0 1 0 1 0 0 0 1 0 1 1 0 1 0
 1 0 1]"
9,0.9244155365706481,"[1 1 1 1 1 1 0 1 1 1 1 1 1 1 1 0 1 1 1 1 0 0 1 0 1 0 1 0 0 0 1 0 1 1 0 1 0
 1 0 1]"
9,0.9998019156522152,"[1 1 1 1 1 1 1 1 1 1 1 1 1 1 1 0 1 0 1 1 0 0 1 1 1 0 1 0 0 0 1 1 1 1 0 1 0
 1 0 1]"
9,0.9999538884840767,"[1 1 1 1 1 1 1 1 1 1 1 1 1 1 1 1 1 0 1 1 0 0 1 0 1 0 1 0 0 0 1 0 1 1 0 1 0
 1 1 1]"
9,0.9970586181326313,"[1 1 1 1 1 1 1 1 1 1 1 0 1 1 0 0 1 0 1 1 0 0 1 0 1 0 1 0 0 0 1 0 1 1 0 1 0
 1 0 1]"
9,0.999496247381849,"[1 1 1 1 1 1 1 1 1 1 1 1 1 1 0 0 1 0 1 1 0 0 1 0 1 0 1 0 0 1 1 0 1 1 0 1 0
 1 0 1]"
9,0.9996487788919897,"[1 1 1 1 1 1 1 1 1 1 1 1 1 1 0 1 1 0 1 1 0 0 1 0 1 0 1 0 0 1 1 1 1 1 0 1 0
 1 0 1]"
9,0.9998013173842989,"[1 1 1 1 1 1 1 1 1 1 1 1 1 1 1 0 1 0 1 1 0 0 1 0 1 0 1 0 0 0 1 0 1 1 0 1 0
 1 0 1]"
9,0.9991912425466419,"[1 1 1 1 1 1 1 1 1 1 1 1 1 0 1 0 1 0 1 1 0 0 1 0 1 0 1 0 0 0 1 0 1 1 0 1 0
 1 0 1]"
9,0.9999538884658876,"[1 1 1 1 1 1 1 1 1 1 1 1 1 1 1 1 1 0 1 1 0 0 1 0 1 0 1 0 0 0 1 0 1 1 0 1 0
 1 0 1]"
9,0.9805754731971653,"[1 1 1 1 1 1 1 1 0 1 1 1 1 1 1 1 1 0 0 1 0 0 1 0 1 0 1 0 0 0 1 0 1 1 0 1 0
 1 0 1]"
9,0.999496247381849,"[1 1 1 1 1 1 1 1 1 1 1 1 1 1 0 0 1 0 1 1 0 0 1 0 1 0 1 0 0 1 1 0 1 1 0 1 0
 1 0 1]"
9,0.9998013173842989,"[1 1 1 1 1 1 1 1 1 1 1 1 1 1 1 0 1 0 1 1 0 0 1 0 1 0 1 0 0 0 1 0 1 1 0 1 0
 1 0 1]"
9,0.9998013173842989,"[1 1 1 1 1 1 1 1 1 1 1 1 1 1 1 0 1 0 1 1 0 0 1 0 1 0 1 0 0 0 1 0 1 1 0 1 0
 1 0 1]"
9,0.999496247381849,"[1 1 1 1 1 1 1 1 1 1 1 1 1 1 0 0 1 0 1 1 0 0 1 0 1 0 1 0 0 1 1 0 1 1 0 1 0
 1 0 1]"
9,0.9945528094856756,"[1 1 1 1 1 1 1 1 1 1 0 1 1 1 0 0 0 0 1 1 0 1 1 0 1 0 1 0 0 1 1 0 1 1 0 1 0
 1 0 1]"
9,0.999496247381849,"[1 1 1 1 1 1 1 1 1 1 1 1 1 1 0 0 1 0 1 1 0 0 1 0 1 0 1 0 0 1 1 0 1 1 0 1 0
 1 0 1]"
9,0.9996487765644192,"[1 1 1 1 1 1 1 1 1 1 1 1 1 1 0 1 1 0 1 1 0 0 1 0 1 0 1 0 0 1 1 0 1 1 0 1 0
 1 0 1]"
9,0.999496247381849,"[1 1 1 1 1 1 1 1 1 1 1 1 1 1 0 0 1 0 1 1 0 0 1 0 1 0 1 0 0 1 1 0 1 1 0 1 0
 1 0 1]"
9,0.9996487672541374,"[1 1 1 1 1 1 1 1 1 1 1 1 1 1 0 1 1 0 1 1 0 0 1 0 1 0 1 0 0 0 1 0 1 1 0 1 0
 1 0 1]"
9,0.999648775400634,"[1 1 1 1 1 1 1 1 1 1 1 1 1 1 0 1 1 0 1 1 0 0 1 0 1 0 1 0 0 1 1 0 0 1 0 1 0
 1 0 1]"
9,0.9994962497090998,"[1 1 1 1 1 1 1 1 1 1 1 1 1 1 0 0 1 0 1 1 0 0 1 0 1 0 1 0 0 1 1 1 1 1 0 1 0
 1 0 1]"
9,0.0009755788312071744,"[0 1 1 1 1 1 1 1 1 1 1 1 1 1 0 0 1 0 1 1 0 0 1 0 1 0 1 0 0 1 1 0 1 1 0 1 0
 1 0 1]"
9,0.9998013173842989,"[1 1 1 1 1 1 1 1 1 1 1 1 1 1 1 0 1 0 1 1 0 0 1 0 1 0 1 0 0 0 1 0 1 1 0 1 0
 1 0 1]"
9,0.999496247381849,"[1 1 1 1 1 1 1 1 1 1 1 1 1 1 0 0 1 0 1 1 0 0 1 0 1 0 1 0 0 1 1 0 1 1 0 1 0
 1 0 1]"
9,0.9998014663692751,"[1 1 1 1 1 1 1 1 1 1 1 1 1 1 1 0 1 0 1 1 0 0 1 0 1 1 1 0 0 0 1 0 1 1 0 1 0
 1 0 1]"
9,0.9996689509644523,"[1 1 1 1 1 1 1 1 1 1 1 1 1 1 0 1 1 1 0 1 0 1 0 0 1 0 0 0 0 0 1 0 0 1 0 1 0
 1 0 1]"
9,0.9999538884658876,"[1 1 1 1 1 1 1 1 1 1 1 1 1 1 1 1 1 0 1 1 0 0 1 0 1 0 1 0 0 0 1 0 1 1 0 1 0
 1 0 1]"
9,0.9994962380728457,"[1 1 1 1 1 1 1 1 1 1 1 1 1 1 0 0 1 0 1 1 0 0 1 0 1 0 1 0 0 0 1 0 1 1 0 1 0
 1 0 1]"
9,0.5244346791720448,"[1 1 1 0 1 1 1 1 1 1 1 1 1 1 1 1 1 0 1 1 0 0 1 0 1 0 1 0 0 0 1 0 1 1 0 1 0
 1 1 1]"
9,0.8538536691127745,"[1 1 1 1 1 0 1 1 1 1 1 1 1 1 0 0 1 0 1 1 0 0 1 0 1 0 1 0 0 1 1 0 1 1 0 1 0
 1 0 1]"
9,0.9999345275510072,"[1 1 1 1 1 1 1 1 1 1 1 1 1 1 1 1 1 0 0 1 0 0 1 0 0 0 1 0 0 1 1 0 1 1 1 1 0
 1 1 1]"
9,0.9999538884658876,"[1 1 1 1 1 1 1 1 1 1 1 1 1 1 1 1 1 0 1 1 0 0 1 0 1 0 1 0 0 0 1 0 1 1 0 1 0
 1 0 1]"
9,0.999496247381849,"[1 1 1 1 1 1 1 1 1 1 1 1 1 1 0 0 1 0 1 1 0 0 1 0 1 0 1 0 0 1 1 0 1 1 0 1 0
 1 0 1]"
9,0.999496247381849,"[1 1 1 1 1 1 1 1 1 1 1 1 1 1 0 0 1 0 1 1 0 0 1 0 1 0 1 0 0 1 1 0 1 1 0 1 0
 1 0 1]"
9,0.9994962497090998,"[1 1 1 1 1 1 1 1 1 1 1 1 1 1 0 0 1 0 1 1 0 0 1 0 1 0 1 0 0 1 1 1 1 1 0 1 0
 1 0 1]"
9,0.999496247381849,"[1 1 1 1 1 1 1 1 1 1 1 1 1 1 0 0 1 0 1 1 0 0 1 0 1 0 1 0 0 1 1 0 1 1 0 1 0
 1 0 1]"
step,fitness,genome
10,0.9999538884658876,"[1 1 1 1 1 1 1 1 1 1 1 1 1 1 1 1 1 0 1 1 0 0 1 0 1 0 1 0 0 0 1 0 1 1 0 1 0
 1 0 1]"
10,0.9999538884658876,"[1 1 1 1 1 1 1 1 1 1 1 1 1 1 1 1 1 0 1 1 0 0 1 0 1 0 1 0 0 0 1 0 1 1 0 1 0
 1 0 1]"
10,0.9999562725552916,"[1 1 1 1 1 1 1 1 1 1 1 1 1 1 1 1 1 0 1 1 0 1 1 0 1 0 1 0 0 0 1 0 1 1 0 1 0
 1 0 1]"
10,0.9999538884658876,"[1 1 1 1 1 1 1 1 1 1 1 1 1 1 1 1 1 0 1 1 0 0 1 0 1 0 1 0 0 0 1 0 1 1 0 1 0
 1 0 1]"
10,0.9999348160075757,"[1 1 1 1 1 1 1 1 1 1 1 1 1 1 1 1 1 0 0 1 0 0 1 0 1 0 1 0 0 0 1 0 1 1 0 1 1
 1 0 1]"
10,0.9999538884658876,"[1 1 1 1 1 1 1 1 1 1 1 1 1 1 1 1 1 0 1 1 0 0 1 0 1 0 1 0 0 0 1 0 1 1 0 1 0
 1 0 1]"
10,0.9973630277345542,"[1 1 1 1 1 1 1 1 1 1 1 0 1 1 1 0 1 0 1 1 0 0 1 0 1 0 1 0 0 0 1 0 1 1 0 1 0
 1 0 1]"
10,0.7279415197522969,"[1 1 1 1 0 1 1 1 1 1 1 1 1 1 1 1 1 0 1 1 0 0 1 0 1 0 1 0 1 0 1 0 1 1 0 1 0
 1 0 1]"
10,0.9612779771523502,"[1 1 1 1 1 1 1 0 1 1 1 1 1 1 0 1 1 0 1 1 0 0 1 0 1 0 1 0 0 1 1 1 1 1 0 1 0
 1 0 1]"
10,0.9999538887569138,"[1 1 1 1 1 1 1 1 1 1 1 1 1 1 1 1 1 0 1 1 0 0 1 0 1 0 1 0 0 0 1 0 1 1 1 1 0
 1 0 1]"
10,0.9998013173842989,"[1 1 1 1 1 1 1 1 1 1 1 1 1 1 1 0 1 0 1 1 0 0 1 0 1 0 1 0 0 0 1 0 1 1 0 1 0
 1 0 1]"
10,0.9996487672541374,"[1 1 1 1 1 1 1 1 1 1 1 1 1 1 0 1 1 0 1 1 0 0 1 0 1 0 1 0 0 0 1 0 1 1 0 1 0
 1 0 1]"
10,0.9999538884658876,"[1 1 1 1 1 1 1 1 1 1 1 1 1 1 1 1 1 0 1 1 0 0 1 0 1 0 1 0 0 0 1 0 1 1 0 1 0
 1 0 1]"
10,0.9998582407023124,"[1 1 1 1 1 1 1 1 1 1 1 1 1 1 1 1 0 0 0 1 0 0 1 0 0 0 1 0 0 1 1 0 1 1 1 1 0
 1 0 1]"
10,0.9998013173842989,"[1 1 1 1 1 1 1 1 1 1 1 1 1 1 1 0 1 0 1 1 0 0 1 0 1 0 1 0 0 0 1 0 1 1 0 1 0
 1 0 1]"
10,0.9999345275328184,"[1 1 1 1 1 1 1 1 1 1 1 1 1 1 1 1 1 0 0 1 0 0 1 0 0 0 1 0 0 1 1 0 1 1 1 1 0
 1 0 1]"
10,0.9998019155067219,"[1 1 1 1 1 1 1 1 1 1 1 1 1 1 1 0 1 0 1 1 0 0 1 1 1 0 1 0 0 0 1 1 1 1 0 0 0
 1 0 1]"
10,0.9999538884658876,"[1 1 1 1 1 1 1 1 1 1 1 1 1 1 1 1 1 0 1 1 0 0 1 0 1 0 1 0 0 0 1 0 1 1 0 1 0
 1 0 1]"
10,0.990231470940749,"[1 1 1 1 1 1 1 1 1 0 1 1 1 1 1 1 1 0 1 1 0 0 1 0 1 0 1 0 0 0 1 0 1 1 0 1 0
 1 0 1]"
10,0.9999538884658876,"[1 1 1 1 1 1 1 1 1 1 1 1 1 1 1 1 1 0 1 1 0 0 1 0 1 0 1 0 0 0 1 0 1 1 0 1 0
 1 0 1]"
10,0.9998013173842989,"[1 1 1 1 1 1 1 1 1 1 1 1 1 1 1 0 1 0 1 1 0 0 1 0 1 0 1 0 0 0 1 0 1 1 0 1 0
 1 0 1]"
10,0.9998010194144064,"[1 1 1 1 1 1 1 1 1 1 1 1 1 1 1 0 1 0 1 1 0 0 1 0 0 0 1 0 0 0 1 0 1 1 0 1 0
 1 0 1]"
10,0.9998013173842989,"[1 1 1 1 1 1 1 1 1 1 1 1 1 1 1 0 1 0 1 1 0 0 1 0 1 0 1 0 0 0 1 0 1 1 0 1 0
 1 0 1]"
10,0.9999345275328184,"[1 1 1 1 1 1 1 1 1 1 1 1 1 1 1 1 1 0 0 1 0 0 1 0 0 0 1 0 0 1 1 0 1 1 1 1 0
 1 0 1]"
10,0.9997843428303802,"[1 1 1 1 1 1 1 1 1 1 1 1 1 1 1 0 1 0 0 1 0 1 1 0 0 0 1 0 0 1 1 0 1 1 1 1 0
 1 0 1]"
10,0.9996493724226125,"[1 1 1 1 1 1 1 1 1 1 1 1 1 1 0 1 1 0 1 1 0 0 1 1 1 0 1 0 0 1 1 0 1 1 0 1 0
 1 0 1]"
10,0.999648775400634,"[1 1 1 1 1 1 1 1 1 1 1 1 1 1 0 1 1 0 1 1 0 0 1 0 1 0 1 0 0 1 1 0 0 1 0 1 0
 1 0 1]"
10,0.9998025092646684,"[1 1 1 1 1 1 1 1 1 1 1 1 1 1 1 0 1 0 1 1 0 1 0 0 1 0 1 0 0 0 1 0 1 1 0 1 0
 1 0 1]"
10,0.9999538884840767,"[1 1 1 1 1 1 1 1 1 1 1 1 1 1 1 1 1 0 1 1 0 0 1 0 1 0 1 0 0 0 1 0 1 1 0 1 0
 1 1 1]"
10,0.9998014663874618,"[1 1 1 1 1 1 1 1 1 1 1 1 1 1 1 0 1 0 1 1 0 0 1 0 1 1 1 0 0 0 1 0 1 1 0 1 0
 1 1 1]"
10,0.9998013173842989,"[1 1 1 1 1 1 1 1 1 1 1 1 1 1 1 0 1 0 1 1 0 0 1 0 1 0 1 0 0 0 1 0 1 1 0 1 0
 1 0 1]"
10,0.9999538884658876,"[1 1 1 1 1 1 1 1 1 1 1 1 1 1 1 1 1 0 1 1 0 0 1 0 1 0 1 0 0 0 1 0 1 1 0 1 0
 1 0 1]"
10,0.9999538884840767,"[1 1 1 1 1 1 1 1 1 1 1 1 1 1 1 1 1 0 1 1 0 0 1 0 1 0 1 0 0 0 1 0 1 1 0 1 0
 1 1 1]"
10,0.9999538884658876,"[1 1 1 1 1 1 1 1 1 1 1 1 1 1 1 1 1 0 1 1 0 0 1 0 1 0 1 0 0 0 1 0 1 1 0 1 0
 1 0 1]"
10,0.9998013176752852,"[1 1 1 1 1 1 1 1 1 1 1 1 1 1 1 0 1 0 1 1 0 0 1 0 1 0 1 0 0 0 1 0 1 1 1 1 0
 1 0 1]"
10,0.9998013173842989,"[1 1 1 1 1 1 1 1 1 1 1 1 1 1 1 0 1 0 1 1 0 0 1 0 1 0 1 0 0 0 1 0 1 1 0 1 0
 1 0 1]"
10,0.9998013174024856,"[1 1 1 1 1 1 1 1 1 1 1 1 1 1 1 0 1 0 1 1 0 0 1 0 1 0 1 0 0 0 1 0 1 1 0 1 0
 1 1 1]"
10,0.9999538878838352,"[1 1 1 1 1 1 1 1 1 1 1 1 1 1 1 1 1 0 1 1 0 0 1 0 1 0 1 0 0 0 1 0 1 0 0 1 0
 1 0 1]"
10,0.9999538884658876,"[1 1 1 1 1 1 1 1 1 1 1 1 1 1 1 1 1 0 1 1 0 0 1 0 1 0 1 0 0 0 1 0 1 1 0 1 0
 1 0 1]"
10,0.9994962474000306,"[1 1 1 1 1 1 1 1 1 1 1 1 1 1 0 0 1 0 1 1 0 0 1 0 1 0 1 0 0 1 1 0 1 1 0 1 0
 1 1 1]"
10,0.9998019133243238,"[1 1 1 1 1 1 1 1 1 1 1 1 1 1 1 0 1 0 1 1 0 0 1 1 1 0 1 0 0 0 1 0 1 1 0 1 0
 1 0 1]"
10,0.9999538884749822,"[1 1 1 1 1 1 1 1 1 1 1 1 1 1 1 1 1 0 1 1 0 0 1 0 1 0 1 0 0 0 1 0 1 1 0 1 0
 1 1 0]"
10,0.9999538884658876,"[1 1 1 1 1 1 1 1 1 1 1 1 1 1 1 1 1 0 1 1 0 0 1 0 1 0 1 0 0 0 1 0 1 1 0 1 0
 1 0 1]"
10,0.9999538884658876,"[1 1 1 1 1 1 1 1 1 1 1 1 1 1 1 1 1 0 1 1 0 0 1 0 1 0 1 0 0 0 1 0 1 1 0 1 0
 1 0 1]"
10,0.9999443521594286,"[1 1 1 1 1 1 1 1 1 1 1 1 1 1 1 1 1 0 1 0 0 0 1 0 1 0 1 0 0 0 1 0 1 1 0 1 0
 1 0 1]"
10,0.9998013173842989,"[1 1 1 1 1 1 1 1 1 1 1 1 1 1 1 0 1 0 1 1 0 0 1 0 1 0 1 0 0 0 1 0 1 1 0 1 0
 1 0 1]"
10,0.999499226266879,"[1 1 1 1 1 1 1 1 1 1 1 1 1 1 0 0 1 0 1 1 0 1 1 1 1 0 1 0 0 1 1 0 1 1 0 1 0
 1 0 1]"
10,0.9998014663692751,"[1 1 1 1 1 1 1 1 1 1 1 1 1 1 1 0 1 0 1 1 0 0 1 0 1 1 1 0 0 0 1 0 1 1 0 1 0
 1 0 1]"
10,0.9243800126435184,"[1 1 1 1 1 1 0 1 1 1 1 1 1 1 1 0 1 0 1 1 0 0 1 0 1 0 1 0 1 0 1 0 1 1 0 1 0
 1 0 1]"
10,0.9999538884658876,"[1 1 1 1 1 1 1 1 1 1 1 1 1 1 1 1 1 0 1 1 0 0 1 0 1 0 1 0 0 0 1 0 1 1 0 1 0
 1 0 1]"
10,0.9998037011463167,"[1 1 1 1 1 1 1 1 1 1 1 1 1 1 1 0 1 0 1 1 0 1 1 0 1 0 1 0 0 0 1 0 1 1 0 1 0
 1 0 1]"
10,0.9999538884658876,"[1 1 1 1 1 1 1 1 1 1 1 1 1 1 1 1 1 0 1 1 0 0 1 0 1 0 1 0 0 0 1 0 1 1 0 1 0
 1 0 1]"
10,0.9999538885386442,"[1 1 1 1 1 1 1 1 1 1 1 1 1 1 1 1 1 0 1 1 0 0 1 0 1 0 1 0 0 0 1 0 1 1 0 1 1
 1 0 1]"
10,0.9998019133243238,"[1 1 1 1 1 1 1 1 1 1 1 1 1 1 1 0 1 0 1 1 0 0 1 1 1 0 1 0 0 0 1 0 1 1 0 1 0
 1 0 1]"
10,0.9949289045332294,"[1 1 1 1 1 1 1 1 1 1 0 1 1 1 1 0 1 0 1 1 0 0 0 0 1 0 1 0 0 0 1 0 1 1 0 1 0
 1 0 1]"
10,0.9999538884658876,"[1 1 1 1 1 1 1 1 1 1 1 1 1 1 1 1 1 0 1 1 0 0 1 0 1 0 1 0 0 0 1 0 1 1 0 1 0
 1 0 1]"
10,0.9999345275328184,"[1 1 1 1 1 1 1 1 1 1 1 1 1 1 1 1 1 0 0 1 0 0 1 0 0 0 1 0 0 1 1 0 1 1 1 1 0
 1 0 1]"
10,0.9975152639000501,"[1 1 1 1 1 1 1 1 1 1 1 0 1 1 1 1 1 0 1 1 0 0 1 0 1 0 1 0 0 0 1 0 1 1 0 1 0
 1 0 1]"
10,0.9999345275328184,"[1 1 1 1 1 1 1 1 1 1 1 1 1 1 1 1 1 0 0 1 0 0 1 0 0 0 1 0 0 1 1 0 1 1 1 1 0
 1 0 1]"
10,0.9999538884658876,"[1 1 1 1 1 1 1 1 1 1 1 1 1 1 1 1 1 0 1 1 0 0 1 0 1 0 1 0 0 0 1 0 1 1 0 1 0
 1 0 1]"
10,0.9999538884658876,"[1 1 1 1 1 1 1 1 1 1 1 1 1 1 1 1 1 0 1 1 0 0 1 0 1 0 1 0 0 0 1 0 1 1 0 1 0
 1 0 1]"
10,0.9987339063099401,"[1 1 1 1 1 1 1 1 1 1 1 1 0 1 1 1 1 0 1 1 0 0 1 0 1 0 1 0 0 0 1 0 1 1 0 1 0
 1 0 1]"
10,0.9999348255567099,"[1 1 1 1 1 1 1 1 1 1 1 1 1 1 1 1 1 0 0 1 0 0 1 0 1 0 1 0 0 1 1 0 1 1 1 1 0
 1 1 1]"
10,0.9999535857986535,"[1 1 1 1 1 1 1 1 1 1 1 1 1 1 1 1 1 0 1 1 0 0 1 0 0 0 1 0 0 0 0 0 1 1 0 1 0
 1 0 1]"
10,0.9999729613971187,"[1 1 1 1 1 1 1 1 1 1 1 1 1 1 1 1 1 1 0 1 0 0 1 0 1 0 1 0 0 0 1 0 1 1 0 1 1
 1 0 1]"
10,0.9999562725552916,"[1 1 1 1 1 1 1 1 1 1 1 1 1 1 1 1 1 0 1 1 0 1 1 0 1 0 1 0 0 0 1 0 1 1 0 1 0
 1 0 1]"
10,0.99980206230938,"[1 1 1 1 1 1 1 1 1 1 1 1 1 1 1 0 1 0 1 1 0 0 1 1 1 1 1 0 0 0 1 0 1 1 0 1 0
 1 0 1]"
10,0.9999538884658876,"[1 1 1 1 1 1 1 1 1 1 1 1 1 1 1 1 1 0 1 1 0 0 1 0 1 0 1 0 0 0 1 0 1 1 0 1 0
 1 0 1]"
10,0.9998013173842989,"[1 1 1 1 1 1 1 1 1 1 1 1 1 1 1 0 1 0 1 1 0 0 1 0 1 0 1 0 0 0 1 0 1 1 0 1 0
 1 0 1]"
10,0.9996784849070692,"[1 1 1 1 1 1 1 1 1 1 1 1 1 1 0 1 1 1 1 0 0 1 0 0 1 0 0 0 0 0 1 0 0 1 0 1 0
 1 0 1]"
10,0.26301584118565074,"[1 1 0 1 1 1 1 1 1 1 1 1 1 1 1 0 1 0 1 1 0 0 1 0 1 0 1 0 0 0 1 0 0 1 1 1 0
 1 0 1]"
10,0.9998019342753461,"[1 1 1 1 1 1 1 1 1 1 1 1 1 1 1 0 1 0 1 1 0 0 1 1 1 0 1 0 1 0 1 1 1 1 0 1 0
 1 0 1]"
10,0.0009761785557894938,"[0 1 1 1 1 1 1 1 1 1 1 1 1 1 1 0 1 0 1 1 0 1 1 0 0 0 1 0 0 0 1 0 1 1 0 1 0
 1 0 1]"
10,0.997363176392484,"[1 1 1 1 1 1 1 1 1 1 1 0 1 1 1 0 1 0 1 1 0 0 1 0 1 1 1 0 0 0 1 0 1 1 0 1 0
 1 0 1]"
10,0.9999538884658876,"[1 1 1 1 1 1 1 1 1 1 1 1 1 1 1 1 1 0 1 1 0 0 1 0 1 0 1 0 0 0 1 0 1 1 0 1 0
 1 0 1]"
10,0.9999540374713255,"[1 1 1 1 1 1 1 1 1 1 1 1 1 1 1 1 1 0 1 1 0 0 1 0 1 1 1 0 0 0 1 0 1 1 0 1 0
 1 0 1]"
10,0.9998013173842989,"[1 1 1 1 1 1 1 1 1 1 1 1 1 1 1 0 1 0 1 1 0 0 1 0 1 0 1 0 0 0 1 0 1 1 0 1 0
 1 0 1]"
10,0.9243799952896774,"[1 1 1 1 1 1 0 1 1 1 1 1 1 1 1 0 1 0 1 1 0 0 1 0 1 0 1 0 0 0 1 0 1 1 0 1 0
 1 0 1]"
10,0.9998013173842989,"[1 1 1 1 1 1 1 1 1 1 1 1 1 1 1 0 1 0 1 1 0 0 1 0 1 0 1 0 0 0 1 0 1 1 0 1 0
 1 0 1]"
10,0.9999538873017827,"[1 1 1 1 1 1 1 1 1 1 1 1 1 1 1 1 1 0 1 1 0 0 1 0 1 0 1 0 0 0 1 0 0 1 0 1 0
 1 0 1]"
10,0.9999348160075757,"[1 1 1 1 1 1 1 1 1 1 1 1 1 1 1 1 1 0 0 1 0 0 1 0 1 0 1 0 0 0 1 0 1 1 0 1 1
 1 0 1]"
10,0.9999538907940975,"[1 1 1 1 1 1 1 1 1 1 1 1 1 1 1 1 1 0 1 1 0 0 1 0 1 0 1 0 0 0 1 1 1 1 0 1 0
 1 0 1]"
10,0.9999538879020243,"[1 1 1 1 1 1 1 1 1 1 1 1 1 1 1 1 1 0 1 1 0 0 1 0 1 0 1 0 0 0 1 0 1 0 0 1 0
 1 1 1]"
10,0.9996487765644192,"[1 1 1 1 1 1 1 1 1 1 1 1 1 1 0 1 1 0 1 1 0 0 1 0 1 0 1 0 0 1 1 0 1 1 0 1 0
 1 0 1]"
10,0.999648775400634,"[1 1 1 1 1 1 1 1 1 1 1 1 1 1 0 1 1 0 1 1 0 0 1 0 1 0 1 0 0 1 1 0 0 1 0 1 0
 1 0 1]"
10,0.9998013173842989,"[1 1 1 1 1 1 1 1 1 1 1 1 1 1 1 0 1 0 1 1 0 0 1 0 1 0 1 0 0 0 1 0 1 1 0 1 0
 1 0 1]"
10,0.9999538884658876,"[1 1 1 1 1 1 1 1 1 1 1 1 1 1 1 1 1 0 1 1 0 0 1 0 1 0 1 0 0 0 1 0 1 1 0 1 0
 1 0 1]"
10,0.9999538884658876,"[1 1 1 1 1 1 1 1 1 1 1 1 1 1 1 1 1 0 1 1 0 0 1 0 1 0 1 0 0 0 1 0 1 1 0 1 0
 1 0 1]"
10,0.9999538907940975,"[1 1 1 1 1 1 1 1 1 1 1 1 1 1 1 1 1 0 1 1 0 0 1 0 1 0 1 0 0 0 1 1 1 1 0 1 0
 1 0 1]"
10,0.9999538884658876,"[1 1 1 1 1 1 1 1 1 1 1 1 1 1 1 1 1 0 1 1 0 0 1 0 1 0 1 0 0 0 1 0 1 1 0 1 0
 1 0 1]"
10,0.9999538884658876,"[1 1 1 1 1 1 1 1 1 1 1 1 1 1 1 1 1 0 1 1 0 0 1 0 1 0 1 0 0 0 1 0 1 1 0 1 0
 1 0 1]"
10,0.9999538884658876,"[1 1 1 1 1 1 1 1 1 1 1 1 1 1 1 1 1 0 1 1 0 0 1 0 1 0 1 0 0 0 1 0 1 1 0 1 0
 1 0 1]"
10,0.9998019133243238,"[1 1 1 1 1 1 1 1 1 1 1 1 1 1 1 0 1 0 1 1 0 0 1 1 1 0 1 0 0 0 1 0 1 1 0 1 0
 1 0 1]"
10,0.9999538884658876,"[1 1 1 1 1 1 1 1 1 1 1 1 1 1 1 1 1 0 1 1 0 0 1 0 1 0 1 0 0 0 1 0 1 1 0 1 0
 1 0 1]"
10,0.9999538884658876,"[1 1 1 1 1 1 1 1 1 1 1 1 1 1 1 1 1 0 1 1 0 0 1 0 1 0 1 0 0 0 1 0 1 1 0 1 0
 1 0 1]"
10,0.9999345275328184,"[1 1 1 1 1 1 1 1 1 1 1 1 1 1 1 1 1 0 0 1 0 0 1 0 0 0 1 0 0 1 1 0 1 1 1 1 0
 1 0 1]"
10,0.999877600306005,"[1 1 1 1 1 1 1 1 1 1 1 1 1 1 1 1 0 0 1 1 0 0 1 0 1 0 1 0 0 0 1 0 1 1 0 1 0
 1 0 1]"
10,0.9999538884658876,"[1 1 1 1 1 1 1 1 1 1 1 1 1 1 1 1 1 0 1 1 0 0 1 0 1 0 1 0 0 0 1 0 1 1 0 1 0
 1 0 1]"
10,0.9999538884658876,"[1 1 1 1 1 1 1 1 1 1 1 1 1 1 1 1 1 0 1 1 0 0 1 0 1 0 1 0 0 0 1 0 1 1 0 1 0
 1 0 1]"
10,0.9998013173842989,"[1 1 1 1 1 1 1 1 1 1 1 1 1 1 1 0 1 0 1 1 0 0 1 0 1 0 1 0 0 0 1 0 1 1 0 1 0
 1 0 1]"
step,fitness,genome
11,0.9999538884658876,"[1 1 1 1 1 1 1 1 1 1 1 1 1 1 1 1 1 0 1 1 0 0 1 0 1 0 1 0 0 0 1 0 1 1 0 1 0
 1 0 1]"
11,0.9999538885386442,"[1 1 1 1 1 1 1 1 1 1 1 1 1 1 1 1 1 0 1 1 0 0 1 0 1 0 1 0 0 0 1 0 1 1 0 1 1
 1 0 1]"
11,0.9615725260942244,"[1 1 1 1 1 1 1 0 1 1 1 1 1 1 1 1 1 0 1 1 0 0 1 0 1 0 1 0 0 0 1 0 1 1 0 1 0
 1 0 1]"
11,0.9999538884658876,"[1 1 1 1 1 1 1 1 1 1 1 1 1 1 1 1 1 0 1 1 0 0 1 0 1 0 1 0 0 0 1 0 1 1 0 1 0
 1 0 1]"
11,0.999953883809468,"[1 1 1 1 1 1 1 1 1 1 1 1 1 1 1 1 1 0 1 1 0 0 1 0 1 0 1 0 0 0 0 0 1 1 0 1 0
 1 0 1]"
11,0.9999538884658876,"[1 1 1 1 1 1 1 1 1 1 1 1 1 1 1 1 1 0 1 1 0 0 1 0 1 0 1 0 0 0 1 0 1 1 0 1 0
 1 0 1]"
11,0.9999538885386442,"[1 1 1 1 1 1 1 1 1 1 1 1 1 1 1 1 1 0 1 1 0 0 1 0 1 0 1 0 0 0 1 0 1 1 0 1 1
 1 0 1]"
11,0.9999348255567099,"[1 1 1 1 1 1 1 1 1 1 1 1 1 1 1 1 1 0 0 1 0 0 1 0 1 0 1 0 0 1 1 0 1 1 1 1 0
 1 1 1]"
11,0.9999538887569138,"[1 1 1 1 1 1 1 1 1 1 1 1 1 1 1 1 1 0 1 1 0 0 1 0 1 0 1 0 0 0 1 0 1 1 1 1 0
 1 0 1]"
11,0.9999538884658876,"[1 1 1 1 1 1 1 1 1 1 1 1 1 1 1 1 1 0 1 1 0 0 1 0 1 0 1 0 0 0 1 0 1 1 0 1 0
 1 0 1]"
11,0.9999540374713255,"[1 1 1 1 1 1 1 1 1 1 1 1 1 1 1 1 1 0 1 1 0 0 1 0 1 1 1 0 0 0 1 0 1 1 0 1 0
 1 0 1]"
11,0.9999540374713255,"[1 1 1 1 1 1 1 1 1 1 1 1 1 1 1 1 1 0 1 1 0 0 1 0 1 1 1 0 0 0 1 0 1 1 0 1 0
 1 0 1]"
11,0.9999538884840767,"[1 1 1 1 1 1 1 1 1 1 1 1 1 1 1 1 1 0 1 1 0 0 1 0 1 0 1 0 0 0 1 0 1 1 0 1 0
 1 1 1]"
11,0.9950820026494926,"[1 1 1 1 1 1 1 1 1 1 0 1 1 1 1 1 1 0 1 1 0 0 1 0 1 0 1 0 0 1 1 0 1 1 1 1 0
 1 0 1]"
11,0.9999538879020243,"[1 1 1 1 1 1 1 1 1 1 1 1 1 1 1 1 1 0 1 1 0 0 1 0 1 0 1 0 0 0 1 0 1 0 0 1 0
 1 1 1]"
11,0.9999538884658876,"[1 1 1 1 1 1 1 1 1 1 1 1 1 1 1 1 1 0 1 1 0 0 1 0 1 0 1 0 0 0 1 0 1 1 0 1 0
 1 0 1]"
11,0.9999538884658876,"[1 1 1 1 1 1 1 1 1 1 1 1 1 1 1 1 1 0 1 1 0 0 1 0 1 0 1 0 0 0 1 0 1 1 0 1 0
 1 0 1]"
11,0.9999538884658876,"[1 1 1 1 1 1 1 1 1 1 1 1 1 1 1 1 1 0 1 1 0 0 1 0 1 0 1 0 0 0 1 0 1 1 0 1 0
 1 0 1]"
11,0.9999562725552916,"[1 1 1 1 1 1 1 1 1 1 1 1 1 1 1 1 1 0 1 1 0 1 1 0 1 0 1 0 0 0 1 0 1 1 0 1 0
 1 0 1]"
11,0.9999538884658876,"[1 1 1 1 1 1 1 1 1 1 1 1 1 1 1 1 1 0 1 1 0 0 1 0 1 0 1 0 0 0 1 0 1 1 0 1 0
 1 0 1]"
11,0.9999538879020243,"[1 1 1 1 1 1 1 1 1 1 1 1 1 1 1 1 1 0 1 1 0 0 1 0 1 0 1 0 0 0 1 0 1 0 0 1 0
 1 1 1]"
11,0.9999538884658876,"[1 1 1 1 1 1 1 1 1 1 1 1 1 1 1 1 1 0 1 1 0 0 1 0 1 0 1 0 0 0 1 0 1 1 0 1 0
 1 0 1]"
11,0.9999538884658876,"[1 1 1 1 1 1 1 1 1 1 1 1 1 1 1 1 1 0 1 1 0 0 1 0 1 0 1 0 0 0 1 0 1 1 0 1 0
 1 0 1]"
11,0.9999538907940975,"[1 1 1 1 1 1 1 1 1 1 1 1 1 1 1 1 1 0 1 1 0 0 1 0 1 0 1 0 0 0 1 1 1 1 0 1 0
 1 0 1]"
11,0.2630617124121216,"[1 1 0 1 1 1 1 1 1 1 1 1 1 1 1 1 1 0 1 1 0 0 1 0 1 0 1 0 0 0 1 0 1 1 0 1 0
 1 0 1]"
11,0.0009761744827204092,"[0 1 1 1 1 1 1 1 1 1 1 1 1 1 1 0 1 0 1 1 0 0 1 0 1 0 1 0 0 0 1 0 1 1 0 1 0
 1 1 0]"
11,0.9998777493012118,"[1 1 1 1 1 1 1 1 1 1 1 1 1 1 1 1 0 0 1 1 0 0 1 0 1 1 1 0 0 0 1 0 1 1 0 1 0
 1 0 1]"
11,0.9999538884658876,"[1 1 1 1 1 1 1 1 1 1 1 1 1 1 1 1 1 0 1 1 0 0 1 0 1 0 1 0 0 0 1 0 1 1 0 1 0
 1 0 1]"
11,0.9999538887205356,"[1 1 1 1 1 1 1 1 1 1 1 1 1 1 1 1 1 0 1 1 0 0 1 0 1 0 1 0 0 0 1 0 1 1 1 1 0
 0 0 1]"
11,0.9999539070915663,"[1 1 1 1 1 1 1 1 1 1 1 1 1 1 1 1 1 0 1 1 0 0 1 0 1 0 1 0 1 0 1 0 1 1 0 1 0
 1 0 1]"
11,0.9999538873017827,"[1 1 1 1 1 1 1 1 1 1 1 1 1 1 1 1 1 0 1 1 0 0 1 0 1 0 1 0 0 0 1 0 0 1 0 1 0
 1 0 1]"
11,0.9998019133243238,"[1 1 1 1 1 1 1 1 1 1 1 1 1 1 1 0 1 0 1 1 0 0 1 1 1 0 1 0 0 0 1 0 1 1 0 1 0
 1 0 1]"
11,0.999956267898862,"[1 1 1 1 1 1 1 1 1 1 1 1 1 1 1 1 1 0 1 1 0 1 1 0 1 0 1 0 0 0 0 0 1 1 0 1 0
 1 0 1]"
11,0.9999540374713255,"[1 1 1 1 1 1 1 1 1 1 1 1 1 1 1 1 1 0 1 1 0 0 1 0 1 1 1 0 0 0 1 0 1 1 0 1 0
 1 0 1]"
11,0.9950819930877495,"[1 1 1 1 1 1 1 1 1 1 0 1 1 1 1 1 1 0 1 1 0 0 1 0 1 0 1 0 0 0 1 0 1 1 0 1 0
 1 0 1]"
11,0.9999538884658876,"[1 1 1 1 1 1 1 1 1 1 1 1 1 1 1 1 1 0 1 1 0 0 1 0 1 0 1 0 0 0 1 0 1 1 0 1 0
 1 0 1]"
11,0.9999538884840767,"[1 1 1 1 1 1 1 1 1 1 1 1 1 1 1 1 1 0 1 1 0 0 1 0 1 0 1 0 0 0 1 0 1 1 0 1 0
 1 1 1]"
11,0.9999562726280484,"[1 1 1 1 1 1 1 1 1 1 1 1 1 1 1 1 1 0 1 1 0 1 1 0 1 0 1 0 0 0 1 0 1 1 0 1 1
 1 0 1]"
11,0.9999538884658876,"[1 1 1 1 1 1 1 1 1 1 1 1 1 1 1 1 1 0 1 1 0 0 1 0 1 0 1 0 0 0 1 0 1 1 0 1 0
 1 0 1]"
11,0.9997822474723,"[1 1 1 1 1 1 1 1 1 1 1 1 1 1 1 0 1 0 0 1 0 0 1 0 1 0 1 0 0 0 1 0 1 1 0 1 0
 1 0 1]"
11,0.9999538884658876,"[1 1 1 1 1 1 1 1 1 1 1 1 1 1 1 1 1 0 1 1 0 0 1 0 1 0 1 0 0 0 1 0 1 1 0 1 0
 1 0 1]"
11,0.9950819930877495,"[1 1 1 1 1 1 1 1 1 1 0 1 1 1 1 1 1 0 1 1 0 0 1 0 1 0 1 0 0 0 1 0 1 1 0 1 0
 1 0 1]"
11,0.9999538977787269,"[1 1 1 1 1 1 1 1 1 1 1 1 1 1 1 1 1 0 1 1 0 0 1 0 1 0 1 0 0 1 1 0 1 1 0 1 0
 1 0 1]"
11,0.9998013173842989,"[1 1 1 1 1 1 1 1 1 1 1 1 1 1 1 0 1 0 1 1 0 0 1 0 1 0 1 0 0 0 1 0 1 1 0 1 0
 1 0 1]"
11,0.9997846311933972,"[1 1 1 1 1 1 1 1 1 1 1 1 1 1 1 0 1 0 0 1 0 1 1 0 1 0 1 0 0 0 1 0 1 1 0 1 0
 1 0 1]"
11,0.9999538884658876,"[1 1 1 1 1 1 1 1 1 1 1 1 1 1 1 1 1 0 1 1 0 0 1 0 1 0 1 0 0 0 1 0 1 1 0 1 0
 1 0 1]"
11,0.999992034510245,"[1 1 1 1 1 1 1 1 1 1 1 1 1 1 1 1 1 1 1 1 0 0 1 0 1 0 1 0 0 0 1 0 1 1 0 1 0
 1 0 1]"
11,0.9998013173842989,"[1 1 1 1 1 1 1 1 1 1 1 1 1 1 1 0 1 0 1 1 0 0 1 0 1 0 1 0 0 0 1 0 1 1 0 1 0
 1 0 1]"
11,0.9999538884658876,"[1 1 1 1 1 1 1 1 1 1 1 1 1 1 1 1 1 0 1 1 0 0 1 0 1 0 1 0 0 0 1 0 1 1 0 1 0
 1 0 1]"
11,0.9998037011463167,"[1 1 1 1 1 1 1 1 1 1 1 1 1 1 1 0 1 0 1 1 0 1 1 0 1 0 1 0 0 0 1 0 1 1 0 1 0
 1 0 1]"
11,0.9999729613971187,"[1 1 1 1 1 1 1 1 1 1 1 1 1 1 1 1 1 1 0 1 0 0 1 0 1 0 1 0 0 0 1 0 1 1 0 1 1
 1 0 1]"
11,0.9999562725552916,"[1 1 1 1 1 1 1 1 1 1 1 1 1 1 1 1 1 0 1 1 0 1 1 0 1 0 1 0 0 0 1 0 1 1 0 1 0
 1 0 1]"
11,0.9999540374713255,"[1 1 1 1 1 1 1 1 1 1 1 1 1 1 1 1 1 0 1 1 0 0 1 0 1 1 1 0 0 0 1 0 1 1 0 1 0
 1 0 1]"
11,0.9999538884658876,"[1 1 1 1 1 1 1 1 1 1 1 1 1 1 1 1 1 0 1 1 0 0 1 0 1 0 1 0 0 0 1 0 1 1 0 1 0
 1 0 1]"
11,0.5244346791618694,"[1 1 1 0 1 1 1 1 1 1 1 1 1 1 1 1 1 0 1 1 0 0 1 0 1 0 1 0 0 0 1 0 1 1 0 1 0
 1 0 1]"
11,0.999953888456793,"[1 1 1 1 1 1 1 1 1 1 1 1 1 1 1 1 1 0 1 1 0 0 1 0 1 0 1 0 0 0 1 0 1 1 0 1 0
 1 0 0]"
11,0.000976476951566928,"[0 1 1 1 1 1 1 1 1 1 1 1 1 1 1 1 1 0 1 1 0 1 1 0 1 0 0 0 0 0 1 0 1 1 1 1 0
 1 0 1]"
11,0.9999562725552916,"[1 1 1 1 1 1 1 1 1 1 1 1 1 1 1 1 1 0 1 1 0 1 1 0 1 0 1 0 0 0 1 0 1 1 0 1 0
 1 0 1]"
11,0.9999538884840767,"[1 1 1 1 1 1 1 1 1 1 1 1 1 1 1 1 1 0 1 1 0 0 1 0 1 0 1 0 0 0 1 0 1 1 0 1 0
 1 1 1]"
11,0.9999538884658876,"[1 1 1 1 1 1 1 1 1 1 1 1 1 1 1 1 1 0 1 1 0 0 1 0 1 0 1 0 0 0 1 0 1 1 0 1 0
 1 0 1]"
11,0.9999540374713255,"[1 1 1 1 1 1 1 1 1 1 1 1 1 1 1 1 1 0 1 1 0 0 1 0 1 1 1 0 0 0 1 0 1 1 0 1 0
 1 0 1]"
11,0.9999538883203745,"[1 1 1 1 1 1 1 1 1 1 1 1 1 1 1 1 1 0 1 1 0 0 1 0 1 0 1 0 0 0 1 0 1 1 0 0 0
 1 0 1]"
11,0.9245221677844101,"[1 1 1 1 1 1 0 1 1 1 1 1 1 1 1 1 1 0 1 1 0 0 1 0 1 0 1 0 0 0 1 0 1 1 0 1 0
 1 0 0]"
11,0.9999538884840767,"[1 1 1 1 1 1 1 1 1 1 1 1 1 1 1 1 1 0 1 1 0 0 1 0 1 0 1 0 0 0 1 0 1 1 0 1 0
 1 1 1]"
11,0.9999729613971187,"[1 1 1 1 1 1 1 1 1 1 1 1 1 1 1 1 1 1 0 1 0 0 1 0 1 0 1 0 0 0 1 0 1 1 0 1 1
 1 0 1]"
11,0.9999538888296704,"[1 1 1 1 1 1 1 1 1 1 1 1 1 1 1 1 1 0 1 1 0 0 1 0 1 0 1 0 0 0 1 0 1 1 1 1 1
 1 0 1]"
11,0.9999538162913858,"[1 1 1 1 1 1 1 1 1 1 1 1 1 1 1 1 1 0 1 1 0 0 1 0 1 0 0 0 0 0 1 1 1 1 0 1 0
 1 0 1]"
11,0.9999540374713255,"[1 1 1 1 1 1 1 1 1 1 1 1 1 1 1 1 1 0 1 1 0 0 1 0 1 1 1 0 0 0 1 0 1 1 0 1 0
 1 0 1]"
11,0.9999538884658876,"[1 1 1 1 1 1 1 1 1 1 1 1 1 1 1 1 1 0 1 1 0 0 1 0 1 0 1 0 0 0 1 0 1 1 0 1 0
 1 0 1]"
11,0.9999586566498114,"[1 1 1 1 1 1 1 1 1 1 1 1 1 1 1 1 1 0 1 1 1 0 1 0 1 0 1 0 0 0 1 0 1 1 0 1 0
 1 0 1]"
11,0.9999538884658876,"[1 1 1 1 1 1 1 1 1 1 1 1 1 1 1 1 1 0 1 1 0 0 1 0 1 0 1 0 0 0 1 0 1 1 0 1 0
 1 0 1]"
11,0.9999538884658876,"[1 1 1 1 1 1 1 1 1 1 1 1 1 1 1 1 1 0 1 1 0 0 1 0 1 0 1 0 0 0 1 0 1 1 0 1 0
 1 0 1]"
11,0.9999538878838352,"[1 1 1 1 1 1 1 1 1 1 1 1 1 1 1 1 1 0 1 1 0 0 1 0 1 0 1 0 0 0 1 0 1 0 0 1 0
 1 0 1]"
11,0.9999535904550718,"[1 1 1 1 1 1 1 1 1 1 1 1 1 1 1 1 1 0 1 1 0 0 1 0 0 0 1 0 0 0 1 0 1 1 0 1 0
 1 0 1]"
11,0.9999540374713255,"[1 1 1 1 1 1 1 1 1 1 1 1 1 1 1 1 1 0 1 1 0 0 1 0 1 1 1 0 0 0 1 0 1 1 0 1 0
 1 0 1]"
11,0.9999538884658876,"[1 1 1 1 1 1 1 1 1 1 1 1 1 1 1 1 1 0 1 1 0 0 1 0 1 0 1 0 0 0 1 0 1 1 0 1 0
 1 0 1]"
11,0.9999538884658876,"[1 1 1 1 1 1 1 1 1 1 1 1 1 1 1 1 1 0 1 1 0 0 1 0 1 0 1 0 0 0 1 0 1 1 0 1 0
 1 0 1]"
11,0.5244346791618694,"[1 1 1 0 1 1 1 1 1 1 1 1 1 1 1 1 1 0 1 1 0 0 1 0 1 0 1 0 0 0 1 0 1 1 0 1 0
 1 0 1]"
11,0.9999348160075757,"[1 1 1 1 1 1 1 1 1 1 1 1 1 1 1 1 1 0 0 1 0 0 1 0 1 0 1 0 0 0 1 0 1 1 0 1 1
 1 0 1]"
11,0.9999538885386442,"[1 1 1 1 1 1 1 1 1 1 1 1 1 1 1 1 1 0 1 1 0 0 1 0 1 0 1 0 0 0 1 0 1 1 0 1 1
 1 0 1]"
11,0.9999540374713255,"[1 1 1 1 1 1 1 1 1 1 1 1 1 1 1 1 1 0 1 1 0 0 1 0 1 1 1 0 0 0 1 0 1 1 0 1 0
 1 0 1]"
11,0.9999538907940975,"[1 1 1 1 1 1 1 1 1 1 1 1 1 1 1 1 1 0 1 1 0 0 1 0 1 0 1 0 0 0 1 1 1 1 0 1 0
 1 0 1]"
11,0.9999538884658876,"[1 1 1 1 1 1 1 1 1 1 1 1 1 1 1 1 1 0 1 1 0 0 1 0 1 0 1 0 0 0 1 0 1 1 0 1 0
 1 0 1]"
11,0.9999538907940975,"[1 1 1 1 1 1 1 1 1 1 1 1 1 1 1 1 1 0 1 1 0 0 1 0 1 0 1 0 0 0 1 1 1 1 0 1 0
 1 0 1]"
11,0.9999538884658876,"[1 1 1 1 1 1 1 1 1 1 1 1 1 1 1 1 1 0 1 1 0 0 1 0 1 0 1 0 0 0 1 0 1 1 0 1 0
 1 0 1]"
11,0.9999735574292216,"[1 1 1 1 1 1 1 1 1 1 1 1 1 1 1 1 1 1 0 1 0 0 1 1 1 0 1 0 0 0 1 0 1 1 0 1 1
 1 0 1]"
11,0.9999348182629902,"[1 1 1 1 1 1 1 1 1 1 1 1 1 1 1 1 1 0 0 1 0 0 1 0 1 0 1 0 0 0 1 1 1 1 0 1 0
 1 0 1]"
11,0.9999538887569138,"[1 1 1 1 1 1 1 1 1 1 1 1 1 1 1 1 1 0 1 1 0 0 1 0 1 0 1 0 0 0 1 0 1 1 1 1 0
 1 0 1]"
11,0.9987339063099401,"[1 1 1 1 1 1 1 1 1 1 1 1 0 1 1 1 1 0 1 1 0 0 1 0 1 0 1 0 0 0 1 0 1 1 0 1 0
 1 0 1]"
11,0.9999540374713255,"[1 1 1 1 1 1 1 1 1 1 1 1 1 1 1 1 1 0 1 1 0 0 1 0 1 1 1 0 0 0 1 0 1 1 0 1 0
 1 0 1]"
11,0.9999538884658876,"[1 1 1 1 1 1 1 1 1 1 1 1 1 1 1 1 1 0 1 1 0 0 1 0 1 0 1 0 0 0 1 0 1 1 0 1 0
 1 0 1]"
11,0.9999538884658876,"[1 1 1 1 1 1 1 1 1 1 1 1 1 1 1 1 1 0 1 1 0 0 1 0 1 0 1 0 0 0 1 0 1 1 0 1 0
 1 0 1]"
11,0.9999538878838352,"[1 1 1 1 1 1 1 1 1 1 1 1 1 1 1 1 1 0 1 1 0 0 1 0 1 0 1 0 0 0 1 0 1 0 0 1 0
 1 0 1]"
11,0.9999562725552916,"[1 1 1 1 1 1 1 1 1 1 1 1 1 1 1 1 1 0 1 1 0 1 1 0 1 0 1 0 0 0 1 0 1 1 0 1 0
 1 0 1]"
11,0.9999535904732609,"[1 1 1 1 1 1 1 1 1 1 1 1 1 1 1 1 1 0 1 1 0 0 1 0 0 0 1 0 0 0 1 0 1 1 0 1 0
 1 1 1]"
11,0.9805942107867702,"[1 1 1 1 1 1 1 1 0 1 1 1 1 1 1 1 1 0 1 1 0 0 1 0 1 0 1 0 0 0 0 1 1 1 0 1 0
 1 0 1]"
11,0.9999538977787269,"[1 1 1 1 1 1 1 1 1 1 1 1 1 1 1 1 1 0 1 1 0 0 1 0 1 0 1 0 0 1 1 0 1 1 0 1 0
 1 0 1]"
11,0.9999538884658876,"[1 1 1 1 1 1 1 1 1 1 1 1 1 1 1 1 1 0 1 1 0 0 1 0 1 0 1 0 0 0 1 0 1 1 0 1 0
 1 0 1]"
11,0.9999538884658876,"[1 1 1 1 1 1 1 1 1 1 1 1 1 1 1 1 1 0 1 1 0 0 1 0 1 0 1 0 0 0 1 0 1 1 0 1 0
 1 0 1]"
11,0.9999538884658876,"[1 1 1 1 1 1 1 1 1 1 1 1 1 1 1 1 1 0 1 1 0 0 1 0 1 0 1 0 0 0 1 0 1 1 0 1 0
 1 0 1]"
step,fitness,genome
12,0.9999443521594286,"[1 1 1 1 1 1 1 1 1 1 1 1 1 1 1 1 1 0 1 0 0 0 1 0 1 0 1 0 0 0 1 0 1 1 0 1 0
 1 0 1]"
12,0.9999562725552916,"[1 1 1 1 1 1 1 1 1 1 1 1 1 1 1 1 1 0 1 1 0 1 1 0 1 0 1 0 0 0 1 0 1 1 0 1 0
 1 0 1]"
12,0.9999729613971187,"[1 1 1 1 1 1 1 1 1 1 1 1 1 1 1 1 1 1 0 1 0 0 1 0 1 0 1 0 0 0 1 0 1 1 0 1 1
 1 0 1]"
12,0.999992043823404,"[1 1 1 1 1 1 1 1 1 1 1 1 1 1 1 1 1 1 1 1 0 0 1 0 1 0 1 0 0 1 1 0 1 1 0 1 0
 1 0 1]"
12,0.5244346786734491,"[1 1 1 0 1 1 1 1 1 1 1 1 1 1 1 1 1 0 1 1 0 0 1 0 1 0 1 0 0 0 1 0 0 1 1 1 0
 1 0 1]"
12,0.9999540374713255,"[1 1 1 1 1 1 1 1 1 1 1 1 1 1 1 1 1 0 1 1 0 0 1 0 1 1 1 0 0 0 1 0 1 1 0 1 0
 1 0 1]"
12,0.9975342949637347,"[1 1 1 1 1 1 1 1 1 1 1 0 1 1 1 1 1 1 0 1 0 0 1 0 1 0 1 0 0 0 1 0 1 1 0 1 1
 1 0 1]"
12,0.9999562725552916,"[1 1 1 1 1 1 1 1 1 1 1 1 1 1 1 1 1 0 1 1 0 1 1 0 1 0 1 0 0 0 1 0 1 1 0 1 0
 1 0 1]"
12,0.9999564215610492,"[1 1 1 1 1 1 1 1 1 1 1 1 1 1 1 1 1 0 1 1 0 1 1 0 1 1 1 0 0 0 1 0 1 1 0 1 0
 1 0 1]"
12,0.9999538885386442,"[1 1 1 1 1 1 1 1 1 1 1 1 1 1 1 1 1 0 1 1 0 0 1 0 1 0 1 0 0 0 1 0 1 1 0 1 1
 1 0 1]"
12,0.9999540377623518,"[1 1 1 1 1 1 1 1 1 1 1 1 1 1 1 1 1 0 1 1 0 0 1 0 1 1 1 0 0 0 1 0 1 1 1 1 0
 1 0 1]"
12,0.9999538878838352,"[1 1 1 1 1 1 1 1 1 1 1 1 1 1 1 1 1 0 1 1 0 0 1 0 1 0 1 0 0 0 1 0 1 0 0 1 0
 1 0 1]"
12,0.9999538884658876,"[1 1 1 1 1 1 1 1 1 1 1 1 1 1 1 1 1 0 1 1 0 0 1 0 1 0 1 0 0 0 1 0 1 1 0 1 0
 1 0 1]"
12,0.9999527057359333,"[1 1 1 1 1 1 1 1 1 1 1 1 1 1 1 1 1 0 1 1 0 0 0 0 1 0 1 0 0 1 1 0 1 1 0 1 0
 1 0 1]"
12,0.9999588056558888,"[1 1 1 1 1 1 1 1 1 1 1 1 1 1 1 1 1 0 1 1 1 0 1 0 1 1 1 0 0 0 1 0 1 1 0 1 0
 1 0 1]"
12,0.9999538884658876,"[1 1 1 1 1 1 1 1 1 1 1 1 1 1 1 1 1 0 1 1 0 0 1 0 1 0 1 0 0 0 1 0 1 1 0 1 0
 1 0 1]"
12,0.9999538887569138,"[1 1 1 1 1 1 1 1 1 1 1 1 1 1 1 1 1 0 1 1 0 0 1 0 1 0 1 0 0 0 1 0 1 1 1 1 0
 1 0 1]"
12,0.9999540374349473,"[1 1 1 1 1 1 1 1 1 1 1 1 1 1 1 1 1 0 1 1 0 0 1 0 1 1 1 0 0 0 1 0 1 1 0 1 0
 0 0 1]"
12,0.9999540374713255,"[1 1 1 1 1 1 1 1 1 1 1 1 1 1 1 1 1 0 1 1 0 0 1 0 1 1 1 0 0 0 1 0 1 1 0 1 0
 1 0 1]"
12,0.9999562725552916,"[1 1 1 1 1 1 1 1 1 1 1 1 1 1 1 1 1 0 1 1 0 1 1 0 1 0 1 0 0 0 1 0 1 1 0 1 0
 1 0 1]"
12,0.9999538884658876,"[1 1 1 1 1 1 1 1 1 1 1 1 1 1 1 1 1 0 1 1 0 0 1 0 1 0 1 0 0 0 1 0 1 1 0 1 0
 1 0 1]"
12,0.9999539094197761,"[1 1 1 1 1 1 1 1 1 1 1 1 1 1 1 1 1 0 1 1 0 0 1 0 1 0 1 0 1 0 1 1 1 1 0 1 0
 1 0 1]"
12,0.9999564215610492,"[1 1 1 1 1 1 1 1 1 1 1 1 1 1 1 1 1 0 1 1 0 1 1 0 1 1 1 0 0 0 1 0 1 1 0 1 0
 1 0 1]"
12,0.9999544798313369,"[1 1 1 1 1 1 1 1 1 1 1 1 1 1 1 1 1 0 1 1 0 0 1 1 1 0 1 0 0 0 0 0 1 1 0 1 0
 1 0 1]"
12,0.9999348345601794,"[1 1 1 1 1 1 1 1 1 1 1 1 1 1 1 1 1 0 0 1 0 0 1 0 1 0 1 0 1 0 1 0 1 1 0 1 0
 1 0 1]"
12,0.9999538887205356,"[1 1 1 1 1 1 1 1 1 1 1 1 1 1 1 1 1 0 1 1 0 0 1 0 1 0 1 0 0 0 1 0 1 1 1 1 0
 0 0 1]"
12,0.9999540374713255,"[1 1 1 1 1 1 1 1 1 1 1 1 1 1 1 1 1 0 1 1 0 0 1 0 1 1 1 0 0 0 1 0 1 1 0 1 0
 1 0 1]"
12,0.9999562725552916,"[1 1 1 1 1 1 1 1 1 1 1 1 1 1 1 1 1 0 1 1 0 1 1 0 1 0 1 0 0 0 1 0 1 1 0 1 0
 1 0 1]"
12,0.9999562725552916,"[1 1 1 1 1 1 1 1 1 1 1 1 1 1 1 1 1 0 1 1 0 1 1 0 1 0 1 0 0 0 1 0 1 1 0 1 0
 1 0 1]"
12,0.9999538910851237,"[1 1 1 1 1 1 1 1 1 1 1 1 1 1 1 1 1 0 1 1 0 0 1 0 1 0 1 0 0 0 1 1 1 1 1 1 0
 1 0 1]"
12,0.9999562725552916,"[1 1 1 1 1 1 1 1 1 1 1 1 1 1 1 1 1 0 1 1 0 1 1 0 1 0 1 0 0 0 1 0 1 1 0 1 0
 1 0 1]"
12,0.9999729613971187,"[1 1 1 1 1 1 1 1 1 1 1 1 1 1 1 1 1 1 0 1 0 0 1 0 1 0 1 0 0 0 1 0 1 1 0 1 1
 1 0 1]"
12,0.9999729613971187,"[1 1 1 1 1 1 1 1 1 1 1 1 1 1 1 1 1 1 0 1 0 0 1 0 1 0 1 0 0 0 1 0 1 1 0 1 1
 1 0 1]"
12,0.9999538884658876,"[1 1 1 1 1 1 1 1 1 1 1 1 1 1 1 1 1 0 1 1 0 0 1 0 1 0 1 0 0 0 1 0 1 1 0 1 0
 1 0 1]"
12,0.9999729613971187,"[1 1 1 1 1 1 1 1 1 1 1 1 1 1 1 1 1 1 0 1 0 0 1 0 1 0 1 0 0 0 1 0 1 1 0 1 1
 1 0 1]"
12,0.999956267898862,"[1 1 1 1 1 1 1 1 1 1 1 1 1 1 1 1 1 0 1 1 0 1 1 0 1 0 1 0 0 0 0 0 1 1 0 1 0
 1 0 1]"
12,0.9999586566498114,"[1 1 1 1 1 1 1 1 1 1 1 1 1 1 1 1 1 0 1 1 1 0 1 0 1 0 1 0 0 0 1 0 1 1 0 1 0
 1 0 1]"
12,0.998734055151755,"[1 1 1 1 1 1 1 1 1 1 1 1 0 1 1 1 1 0 1 1 0 0 1 0 1 1 1 0 0 0 1 0 1 1 0 1 0
 1 0 1]"
12,0.9999540374713255,"[1 1 1 1 1 1 1 1 1 1 1 1 1 1 1 1 1 0 1 1 0 0 1 0 1 1 1 0 0 0 1 0 1 1 0 1 0
 1 0 1]"
12,0.990231470940749,"[1 1 1 1 1 1 1 1 1 0 1 1 1 1 1 1 1 0 1 1 0 0 1 0 1 0 1 0 0 0 1 0 1 1 0 1 0
 1 0 1]"
12,0.9999586566498114,"[1 1 1 1 1 1 1 1 1 1 1 1 1 1 1 1 1 0 1 1 1 0 1 0 1 0 1 0 0 0 1 0 1 1 0 1 0
 1 0 1]"
12,0.9950820023597428,"[1 1 1 1 1 1 1 1 1 1 0 1 1 1 1 1 1 0 1 1 0 0 1 0 1 0 1 0 0 1 1 0 1 1 0 1 0
 1 0 1]"
12,0.9999538977787269,"[1 1 1 1 1 1 1 1 1 1 1 1 1 1 1 1 1 0 1 1 0 0 1 0 1 0 1 0 0 1 1 0 1 1 0 1 0
 1 0 1]"
12,0.9999538884840767,"[1 1 1 1 1 1 1 1 1 1 1 1 1 1 1 1 1 0 1 1 0 0 1 0 1 0 1 0 0 0 1 0 1 1 0 1 0
 1 1 1]"
12,0.9999729613971187,"[1 1 1 1 1 1 1 1 1 1 1 1 1 1 1 1 1 1 0 1 0 0 1 0 1 0 1 0 0 0 1 0 1 1 0 1 1
 1 0 1]"
12,0.9998037011463167,"[1 1 1 1 1 1 1 1 1 1 1 1 1 1 1 0 1 0 1 1 0 1 1 0 1 0 1 0 0 0 1 0 1 1 0 1 0
 1 0 1]"
12,0.999956267898862,"[1 1 1 1 1 1 1 1 1 1 1 1 1 1 1 1 1 0 1 1 0 1 1 0 1 0 1 0 0 0 0 0 1 1 0 1 0
 1 0 1]"
12,0.8542529008681666,"[1 1 1 1 1 0 1 1 1 1 1 1 1 1 1 1 1 0 1 1 0 1 1 0 1 0 1 0 0 0 1 0 1 1 0 1 0
 1 0 1]"
12,0.9999538907940975,"[1 1 1 1 1 1 1 1 1 1 1 1 1 1 1 1 1 0 1 1 0 0 1 0 1 0 1 0 0 0 1 1 1 1 0 1 0
 1 0 1]"
12,0.2630638627902107,"[1 1 0 1 1 1 1 1 1 1 1 1 1 1 1 1 1 0 1 1 1 1 1 0 1 0 1 0 0 0 1 0 1 1 0 1 0
 1 0 1]"
12,0.9999610408222039,"[1 1 1 1 1 1 1 1 1 1 1 1 1 1 1 1 1 0 1 1 1 1 1 0 1 0 1 0 0 0 1 0 1 1 0 1 1
 1 0 1]"
12,0.9999538884658876,"[1 1 1 1 1 1 1 1 1 1 1 1 1 1 1 1 1 0 1 1 0 0 1 0 1 0 1 0 0 0 1 0 1 1 0 1 0
 1 0 1]"
12,0.9999538887205356,"[1 1 1 1 1 1 1 1 1 1 1 1 1 1 1 1 1 0 1 1 0 0 1 0 1 0 1 0 0 0 1 0 1 1 1 1 0
 0 0 1]"
12,0.9999586567225683,"[1 1 1 1 1 1 1 1 1 1 1 1 1 1 1 1 1 0 1 1 1 0 1 0 1 0 1 0 0 0 1 0 1 1 0 1 1
 1 0 1]"
12,0.9999920345830041,"[1 1 1 1 1 1 1 1 1 1 1 1 1 1 1 1 1 1 1 1 0 0 1 0 1 0 1 0 0 0 1 0 1 1 0 1 1
 1 0 1]"
12,0.9999538884840767,"[1 1 1 1 1 1 1 1 1 1 1 1 1 1 1 1 1 0 1 1 0 0 1 0 1 0 1 0 0 0 1 0 1 1 0 1 0
 1 1 1]"
12,0.7279416177272432,"[1 1 1 1 0 1 1 1 1 1 1 1 1 1 1 1 1 0 1 1 0 0 1 0 1 1 1 0 0 0 1 0 1 1 0 1 0
 1 0 1]"
12,0.9999538977787269,"[1 1 1 1 1 1 1 1 1 1 1 1 1 1 1 1 1 0 1 1 0 0 1 0 1 0 1 0 0 1 1 0 1 1 0 1 0
 1 0 1]"
12,0.9999348160075757,"[1 1 1 1 1 1 1 1 1 1 1 1 1 1 1 1 1 0 0 1 0 0 1 0 1 0 1 0 0 0 1 0 1 1 0 1 1
 1 0 1]"
12,0.999992034510245,"[1 1 1 1 1 1 1 1 1 1 1 1 1 1 1 1 1 1 1 1 0 0 1 0 1 0 1 0 0 0 1 0 1 1 0 1 0
 1 0 1]"
12,0.9999540374713255,"[1 1 1 1 1 1 1 1 1 1 1 1 1 1 1 1 1 0 1 1 0 0 1 0 1 1 1 0 0 0 1 0 1 1 0 1 0
 1 0 1]"
12,0.9999538884658876,"[1 1 1 1 1 1 1 1 1 1 1 1 1 1 1 1 1 0 1 1 0 0 1 0 1 0 1 0 0 0 1 0 1 1 0 1 0
 1 0 1]"
12,0.9999538884658876,"[1 1 1 1 1 1 1 1 1 1 1 1 1 1 1 1 1 0 1 1 0 0 1 0 1 0 1 0 0 0 1 0 1 1 0 1 0
 1 0 1]"
12,0.9999562726280484,"[1 1 1 1 1 1 1 1 1 1 1 1 1 1 1 1 1 0 1 1 0 1 1 0 1 0 1 0 0 0 1 0 1 1 0 1 1
 1 0 1]"
12,0.999953883809468,"[1 1 1 1 1 1 1 1 1 1 1 1 1 1 1 1 1 0 1 1 0 0 1 0 1 0 1 0 0 0 0 0 1 1 0 1 0
 1 0 1]"
12,0.9999540374713255,"[1 1 1 1 1 1 1 1 1 1 1 1 1 1 1 1 1 0 1 1 0 0 1 0 1 1 1 0 0 0 1 0 1 1 0 1 0
 1 0 1]"
12,0.9999538887569138,"[1 1 1 1 1 1 1 1 1 1 1 1 1 1 1 1 1 0 1 1 0 0 1 0 1 0 1 0 0 0 1 0 1 1 1 1 0
 1 0 1]"
12,0.9999562726280484,"[1 1 1 1 1 1 1 1 1 1 1 1 1 1 1 1 1 0 1 1 0 1 1 0 1 0 1 0 0 0 1 0 1 1 0 1 1
 1 0 1]"
12,0.9999562726280484,"[1 1 1 1 1 1 1 1 1 1 1 1 1 1 1 1 1 0 1 1 0 1 1 0 1 0 1 0 0 0 1 0 1 1 0 1 1
 1 0 1]"
12,0.9999540374713255,"[1 1 1 1 1 1 1 1 1 1 1 1 1 1 1 1 1 0 1 1 0 0 1 0 1 1 1 0 0 0 1 0 1 1 0 1 0
 1 0 1]"
12,0.9999540377623518,"[1 1 1 1 1 1 1 1 1 1 1 1 1 1 1 1 1 0 1 1 0 0 1 0 1 1 1 0 0 0 1 0 1 1 1 1 0
 1 0 1]"
12,0.9999538884295094,"[1 1 1 1 1 1 1 1 1 1 1 1 1 1 1 1 1 0 1 1 0 0 1 0 1 0 1 0 0 0 1 0 1 1 0 1 0
 0 0 1]"
12,0.9805947987722166,"[1 1 1 1 1 1 1 1 0 1 1 1 1 1 1 1 1 0 1 1 0 0 1 1 1 0 1 0 0 0 1 0 1 1 0 1 1
 1 0 1]"
12,0.9999753454546909,"[1 1 1 1 1 1 1 1 1 1 1 1 1 1 1 1 1 1 0 1 0 1 1 0 1 0 1 0 0 0 1 0 1 1 0 1 0
 1 0 1]"
12,0.05631148453252123,"[1 0 1 1 1 1 1 1 1 1 1 1 1 1 1 1 1 1 0 1 0 0 1 0 1 0 1 0 0 0 1 0 1 1 0 1 1
 1 0 1]"
12,0.9999538884658876,"[1 1 1 1 1 1 1 1 1 1 1 1 1 1 1 1 1 0 1 1 0 0 1 0 1 0 1 0 0 0 1 0 1 1 0 1 0
 1 0 1]"
12,0.999956267898862,"[1 1 1 1 1 1 1 1 1 1 1 1 1 1 1 1 1 0 1 1 0 1 1 0 1 0 1 0 0 0 0 0 1 1 0 1 0
 1 0 1]"
12,0.9999538884658876,"[1 1 1 1 1 1 1 1 1 1 1 1 1 1 1 1 1 0 1 1 0 0 1 0 1 0 1 0 0 0 1 0 1 1 0 1 0
 1 0 1]"
12,0.9999538884840767,"[1 1 1 1 1 1 1 1 1 1 1 1 1 1 1 1 1 0 1 1 0 0 1 0 1 0 1 0 0 0 1 0 1 1 0 1 0
 1 1 1]"
12,0.9999540374713255,"[1 1 1 1 1 1 1 1 1 1 1 1 1 1 1 1 1 0 1 1 0 0 1 0 1 1 1 0 0 0 1 0 1 1 0 1 0
 1 0 1]"
12,0.9999538884658876,"[1 1 1 1 1 1 1 1 1 1 1 1 1 1 1 1 1 0 1 1 0 0 1 0 1 0 1 0 0 0 1 0 1 1 0 1 0
 1 0 1]"
12,0.9999562725552916,"[1 1 1 1 1 1 1 1 1 1 1 1 1 1 1 1 1 0 1 1 0 1 1 0 1 0 1 0 0 0 1 0 1 1 0 1 0
 1 0 1]"
12,0.9999544845605156,"[1 1 1 1 1 1 1 1 1 1 1 1 1 1 1 1 1 0 1 1 0 0 1 1 1 0 1 0 0 0 1 0 1 1 0 1 1
 1 0 1]"
12,0.9999562725552916,"[1 1 1 1 1 1 1 1 1 1 1 1 1 1 1 1 1 0 1 1 0 1 1 0 1 0 1 0 0 0 1 0 1 1 0 1 0
 1 0 1]"
12,0.9999538884840767,"[1 1 1 1 1 1 1 1 1 1 1 1 1 1 1 1 1 0 1 1 0 0 1 0 1 0 1 0 0 0 1 0 1 1 0 1 0
 1 1 1]"
12,0.2630617152120828,"[1 1 0 1 1 1 1 1 1 1 1 1 1 1 1 1 1 0 1 1 0 0 1 0 1 0 1 0 0 1 1 0 1 1 0 1 0
 1 0 1]"
12,0.9999538884658876,"[1 1 1 1 1 1 1 1 1 1 1 1 1 1 1 1 1 0 1 1 0 0 1 0 1 0 1 0 0 0 1 0 1 1 0 1 0
 1 0 1]"
12,0.9996511460336579,"[1 1 1 1 1 1 1 1 1 1 1 1 1 1 0 1 1 0 1 1 0 1 1 0 1 0 1 0 0 0 0 0 1 1 0 1 0
 1 0 1]"
12,0.9999729613971187,"[1 1 1 1 1 1 1 1 1 1 1 1 1 1 1 1 1 1 0 1 0 0 1 0 1 0 1 0 0 0 1 0 1 1 0 1 1
 1 0 1]"
12,0.9999526987513113,"[1 1 1 1 1 1 1 1 1 1 1 1 1 1 1 1 1 0 1 1 0 0 0 0 1 0 1 0 0 0 1 1 1 1 0 1 0
 1 0 1]"
12,0.9950843620845841,"[1 1 1 1 1 1 1 1 1 1 0 1 1 1 1 1 1 0 1 1 0 1 1 0 1 0 1 0 0 0 0 0 1 1 0 1 0
 1 0 1]"
12,0.999992034510245,"[1 1 1 1 1 1 1 1 1 1 1 1 1 1 1 1 1 1 1 1 0 0 1 0 1 0 1 0 0 0 1 0 1 1 0 1 0
 1 0 1]"
12,0.9999538888296704,"[1 1 1 1 1 1 1 1 1 1 1 1 1 1 1 1 1 0 1 1 0 0 1 0 1 0 1 0 0 0 1 0 1 1 1 1 1
 1 0 1]"
12,0.9999538884658876,"[1 1 1 1 1 1 1 1 1 1 1 1 1 1 1 1 1 0 1 1 0 0 1 0 1 0 1 0 0 0 1 0 1 1 0 1 0
 1 0 1]"
12,0.9999562729190752,"[1 1 1 1 1 1 1 1 1 1 1 1 1 1 1 1 1 0 1 1 0 1 1 0 1 0 1 0 0 0 1 0 1 1 1 1 1
 1 0 1]"
12,0.9999729613971187,"[1 1 1 1 1 1 1 1 1 1 1 1 1 1 1 1 1 1 0 1 0 0 1 0 1 0 1 0 0 0 1 0 1 1 0 1 1
 1 0 1]"
12,0.9999538907940975,"[1 1 1 1 1 1 1 1 1 1 1 1 1 1 1 1 1 0 1 1 0 0 1 0 1 0 1 0 0 0 1 1 1 1 0 1 0
 1 0 1]"
12,0.9999538884840767,"[1 1 1 1 1 1 1 1 1 1 1 1 1 1 1 1 1 0 1 1 0 0 1 0 1 0 1 0 0 0 1 0 1 1 0 1 0
 1 1 1]"
12,0.9999735574292216,"[1 1 1 1 1 1 1 1 1 1 1 1 1 1 1 1 1 1 0 1 0 0 1 1 1 0 1 0 0 0 1 0 1 1 0 1 1
 1 0 1]"
12,0.9999540373258123,"[1 1 1 1 1 1 1 1 1 1 1 1 1 1 1 1 1 0 1 1 0 0 1 0 1 1 1 0 0 0 1 0 1 1 0 0 0
 1 0 1]"
step,fitness,genome
13,0.9999538884658876,"[1 1 1 1 1 1 1 1 1 1 1 1 1 1 1 1 1 0 1 1 0 0 1 0 1 0 1 0 0 0 1 0 1 1 0 1 0
 1 0 1]"
13,0.9999729613243609,"[1 1 1 1 1 1 1 1 1 1 1 1 1 1 1 1 1 1 0 1 0 0 1 0 1 0 1 0 0 0 1 0 1 1 0 1 0
 1 0 1]"
13,0.9999588056558888,"[1 1 1 1 1 1 1 1 1 1 1 1 1 1 1 1 1 0 1 1 1 0 1 0 1 1 1 0 0 0 1 0 1 1 0 1 0
 1 0 1]"
13,0.9999564215610492,"[1 1 1 1 1 1 1 1 1 1 1 1 1 1 1 1 1 0 1 1 0 1 1 0 1 1 1 0 0 0 1 0 1 1 0 1 0
 1 0 1]"
13,0.9975176427560657,"[1 1 1 1 1 1 1 1 1 1 1 0 1 1 1 1 1 0 1 1 0 1 1 0 1 0 1 0 0 0 1 0 1 1 0 1 0
 1 0 1]"
13,0.999992034510245,"[1 1 1 1 1 1 1 1 1 1 1 1 1 1 1 1 1 1 1 1 0 0 1 0 1 0 1 0 0 0 1 0 1 1 0 1 0
 1 0 1]"
13,0.999956267898862,"[1 1 1 1 1 1 1 1 1 1 1 1 1 1 1 1 1 0 1 1 0 1 1 0 1 0 1 0 0 0 0 0 1 1 0 1 0
 1 0 1]"
13,0.9999562729190752,"[1 1 1 1 1 1 1 1 1 1 1 1 1 1 1 1 1 0 1 1 0 1 1 0 1 0 1 0 0 0 1 0 1 1 1 1 1
 1 0 1]"
13,0.9999729616881499,"[1 1 1 1 1 1 1 1 1 1 1 1 1 1 1 1 1 1 0 1 0 0 1 0 1 0 1 0 0 0 1 0 1 1 1 1 1
 1 0 1]"
13,0.9999540374713255,"[1 1 1 1 1 1 1 1 1 1 1 1 1 1 1 1 1 0 1 1 0 0 1 0 1 1 1 0 0 0 1 0 1 1 0 1 0
 1 0 1]"
13,0.9999586566498114,"[1 1 1 1 1 1 1 1 1 1 1 1 1 1 1 1 1 0 1 1 1 0 1 0 1 0 1 0 0 0 1 0 1 1 0 1 0
 1 0 1]"
13,0.9999586566498114,"[1 1 1 1 1 1 1 1 1 1 1 1 1 1 1 1 1 0 1 1 1 0 1 0 1 0 1 0 0 0 1 0 1 1 0 1 0
 1 0 1]"
13,0.9998014662237821,"[1 1 1 1 1 1 1 1 1 1 1 1 1 1 1 0 1 0 1 1 0 0 1 0 1 1 1 0 0 0 1 0 1 1 0 0 0
 1 0 1]"
13,0.9998799842317109,"[1 1 1 1 1 1 1 1 1 1 1 1 1 1 1 1 0 0 1 1 0 1 1 0 1 0 1 0 0 0 1 0 1 1 0 1 0
 1 0 1]"
13,0.999992034510245,"[1 1 1 1 1 1 1 1 1 1 1 1 1 1 1 1 1 1 1 1 0 0 1 0 1 0 1 0 0 0 1 0 1 1 0 1 0
 1 0 1]"
13,0.9999729613971187,"[1 1 1 1 1 1 1 1 1 1 1 1 1 1 1 1 1 1 0 1 0 0 1 0 1 0 1 0 0 0 1 0 1 1 0 1 1
 1 0 1]"
13,0.9999562729190752,"[1 1 1 1 1 1 1 1 1 1 1 1 1 1 1 1 1 0 1 1 0 1 1 0 1 0 1 0 0 0 1 0 1 1 1 1 1
 1 0 1]"
13,0.9999562725552916,"[1 1 1 1 1 1 1 1 1 1 1 1 1 1 1 1 1 0 1 1 0 1 1 0 1 0 1 0 0 0 1 0 1 1 0 1 0
 1 0 1]"
13,0.9999944279946809,"[1 1 1 1 1 1 1 1 1 1 1 1 1 1 1 1 1 1 1 1 0 1 1 0 1 0 1 0 0 1 1 0 1 1 0 1 0
 1 0 1]"
13,0.9999395840368932,"[1 1 1 1 1 1 1 1 1 1 1 1 1 1 1 1 1 0 0 1 1 0 1 0 1 0 1 0 0 0 1 0 1 1 0 1 0
 1 0 1]"
13,0.9999586567225683,"[1 1 1 1 1 1 1 1 1 1 1 1 1 1 1 1 1 0 1 1 1 0 1 0 1 0 1 0 0 0 1 0 1 1 0 1 1
 1 0 1]"
13,0.999992034510245,"[1 1 1 1 1 1 1 1 1 1 1 1 1 1 1 1 1 1 1 1 0 0 1 0 1 0 1 0 0 0 1 0 1 1 0 1 0
 1 0 1]"
13,0.9999729613971187,"[1 1 1 1 1 1 1 1 1 1 1 1 1 1 1 1 1 1 0 1 0 0 1 0 1 0 1 0 0 0 1 0 1 1 0 1 1
 1 0 1]"
13,0.9999920345830041,"[1 1 1 1 1 1 1 1 1 1 1 1 1 1 1 1 1 1 1 1 0 0 1 0 1 0 1 0 0 0 1 0 1 1 0 1 1
 1 0 1]"
13,0.9999729613971187,"[1 1 1 1 1 1 1 1 1 1 1 1 1 1 1 1 1 1 0 1 0 0 1 0 1 0 1 0 0 0 1 0 1 1 0 1 1
 1 0 1]"
13,0.9999540377623518,"[1 1 1 1 1 1 1 1 1 1 1 1 1 1 1 1 1 0 1 1 0 0 1 0 1 1 1 0 0 0 1 0 1 1 1 1 0
 1 0 1]"
13,0.2630674468107238,"[1 1 0 1 1 1 1 1 1 1 1 1 1 1 1 1 1 1 0 1 0 0 1 0 1 0 1 0 0 0 1 0 1 1 0 1 1
 1 0 1]"
13,0.9999729613971187,"[1 1 1 1 1 1 1 1 1 1 1 1 1 1 1 1 1 1 0 1 0 0 1 0 1 0 1 0 0 0 1 0 1 1 0 1 1
 1 0 1]"
13,0.8541825558310145,"[1 1 1 1 1 0 1 1 1 1 1 1 1 1 1 1 0 0 1 0 1 1 1 0 1 0 1 0 0 0 1 0 1 0 0 1 1
 1 0 1]"
13,0.9999538885386442,"[1 1 1 1 1 1 1 1 1 1 1 1 1 1 1 1 1 0 1 1 0 0 1 0 1 0 1 0 0 0 1 0 1 1 0 1 1
 1 0 1]"
13,0.9999562725552916,"[1 1 1 1 1 1 1 1 1 1 1 1 1 1 1 1 1 0 1 1 0 1 1 0 1 0 1 0 0 0 1 0 1 1 0 1 0
 1 0 1]"
13,0.9245577226719531,"[1 1 1 1 1 1 0 1 1 1 1 1 1 1 1 1 1 1 1 1 0 0 1 0 1 0 1 0 0 1 1 0 1 1 0 1 0
 1 0 1]"
13,0.9999562725552916,"[1 1 1 1 1 1 1 1 1 1 1 1 1 1 1 1 1 0 1 1 0 1 1 0 1 0 1 0 0 0 1 0 1 1 0 1 0
 1 0 1]"
13,0.9999991871121228,"[1 1 1 1 1 1 1 1 1 1 1 1 1 1 1 1 1 1 1 1 1 1 1 0 1 0 1 0 0 0 1 0 1 1 0 1 1
 1 0 1]"
13,0.9999562911810103,"[1 1 1 1 1 1 1 1 1 1 1 1 1 1 1 1 1 0 1 1 0 1 1 0 1 0 1 0 1 0 1 0 1 1 0 1 0
 1 0 1]"
13,0.9999562725552916,"[1 1 1 1 1 1 1 1 1 1 1 1 1 1 1 1 1 0 1 1 0 1 1 0 1 0 1 0 0 0 1 0 1 1 0 1 0
 1 0 1]"
13,0.9999944186815019,"[1 1 1 1 1 1 1 1 1 1 1 1 1 1 1 1 1 1 1 1 0 1 1 0 1 0 1 0 0 0 1 0 1 1 0 1 0
 1 0 1]"
13,0.9998585384693023,"[1 1 1 1 1 1 1 1 1 1 1 1 1 1 1 1 0 0 0 1 0 0 1 0 1 0 1 0 0 1 1 0 1 1 0 1 1
 1 0 1]"
13,0.9999562729190752,"[1 1 1 1 1 1 1 1 1 1 1 1 1 1 1 1 1 0 1 1 0 1 1 0 1 0 1 0 0 0 1 0 1 1 1 1 1
 1 0 1]"
13,0.9999729613971187,"[1 1 1 1 1 1 1 1 1 1 1 1 1 1 1 1 1 1 0 1 0 0 1 0 1 0 1 0 0 0 1 0 1 1 0 1 1
 1 0 1]"
13,0.9999540377623518,"[1 1 1 1 1 1 1 1 1 1 1 1 1 1 1 1 1 0 1 1 0 0 1 0 1 1 1 0 0 0 1 0 1 1 1 1 0
 1 0 1]"
13,0.9999729613971187,"[1 1 1 1 1 1 1 1 1 1 1 1 1 1 1 1 1 1 0 1 0 0 1 0 1 0 1 0 0 0 1 0 1 1 0 1 1
 1 0 1]"
13,0.9999562679716187,"[1 1 1 1 1 1 1 1 1 1 1 1 1 1 1 1 1 0 1 1 0 1 1 0 1 0 1 0 0 0 0 0 1 1 0 1 1
 1 0 1]"
13,0.9999562725552916,"[1 1 1 1 1 1 1 1 1 1 1 1 1 1 1 1 1 0 1 1 0 1 1 0 1 0 1 0 0 0 1 0 1 1 0 1 0
 1 0 1]"
13,0.9999538978514835,"[1 1 1 1 1 1 1 1 1 1 1 1 1 1 1 1 1 0 1 1 0 0 1 0 1 0 1 0 0 1 1 0 1 1 0 1 1
 1 0 1]"
13,0.9999729613971187,"[1 1 1 1 1 1 1 1 1 1 1 1 1 1 1 1 1 1 0 1 0 0 1 0 1 0 1 0 0 0 1 0 1 1 0 1 1
 1 0 1]"
13,0.999977729662895,"[1 1 1 1 1 1 1 1 1 1 1 1 1 1 1 1 1 1 0 1 1 0 1 0 1 0 1 0 0 0 1 0 1 1 0 1 1
 1 0 1]"
13,0.9999540374713255,"[1 1 1 1 1 1 1 1 1 1 1 1 1 1 1 1 1 0 1 1 0 0 1 0 1 1 1 0 0 0 1 0 1 1 0 1 0
 1 0 1]"
13,0.9999540375440821,"[1 1 1 1 1 1 1 1 1 1 1 1 1 1 1 1 1 0 1 1 0 0 1 0 1 1 1 0 0 0 1 0 1 1 0 1 1
 1 0 1]"
13,0.9999562725552916,"[1 1 1 1 1 1 1 1 1 1 1 1 1 1 1 1 1 0 1 1 0 1 1 0 1 0 1 0 0 0 1 0 1 1 0 1 0
 1 0 1]"
13,0.9999540374713255,"[1 1 1 1 1 1 1 1 1 1 1 1 1 1 1 1 1 0 1 1 0 0 1 0 1 1 1 0 0 0 1 0 1 1 0 1 0
 1 0 1]"
13,0.9999540377623518,"[1 1 1 1 1 1 1 1 1 1 1 1 1 1 1 1 1 0 1 1 0 0 1 0 1 1 1 0 0 0 1 0 1 1 1 1 0
 1 0 1]"
13,0.9999538977787269,"[1 1 1 1 1 1 1 1 1 1 1 1 1 1 1 1 1 0 1 1 0 0 1 0 1 0 1 0 0 1 1 0 1 1 0 1 0
 1 0 1]"
13,0.999956267898862,"[1 1 1 1 1 1 1 1 1 1 1 1 1 1 1 1 1 0 1 1 0 1 1 0 1 0 1 0 0 0 0 0 1 1 0 1 0
 1 0 1]"
13,0.9999540374713255,"[1 1 1 1 1 1 1 1 1 1 1 1 1 1 1 1 1 0 1 1 0 0 1 0 1 1 1 0 0 0 1 0 1 1 0 1 0
 1 0 1]"
13,0.9999729613971187,"[1 1 1 1 1 1 1 1 1 1 1 1 1 1 1 1 1 1 0 1 0 0 1 0 1 0 1 0 0 0 1 0 1 1 0 1 1
 1 0 1]"
13,0.9999610396580916,"[1 1 1 1 1 1 1 1 1 1 1 1 1 1 1 1 1 0 1 1 1 1 1 0 1 0 1 0 0 0 1 0 0 1 0 1 1
 1 0 1]"
13,0.9999586567225683,"[1 1 1 1 1 1 1 1 1 1 1 1 1 1 1 1 1 0 1 1 1 0 1 0 1 0 1 0 0 0 1 0 1 1 0 1 1
 1 0 1]"
13,0.9999586590507881,"[1 1 1 1 1 1 1 1 1 1 1 1 1 1 1 1 1 0 1 1 1 0 1 0 1 0 1 0 0 0 1 1 1 1 0 1 1
 1 0 1]"
13,0.9999562725552916,"[1 1 1 1 1 1 1 1 1 1 1 1 1 1 1 1 1 0 1 1 0 1 1 0 1 0 1 0 0 0 1 0 1 1 0 1 0
 1 0 1]"
13,0.9999562725552916,"[1 1 1 1 1 1 1 1 1 1 1 1 1 1 1 1 1 0 1 1 0 1 1 0 1 0 1 0 0 0 1 0 1 1 0 1 0
 1 0 1]"
13,0.9999564215610492,"[1 1 1 1 1 1 1 1 1 1 1 1 1 1 1 1 1 0 1 1 0 1 1 0 1 1 1 0 0 0 1 0 1 1 0 1 0
 1 0 1]"
13,0.999992043823404,"[1 1 1 1 1 1 1 1 1 1 1 1 1 1 1 1 1 1 1 1 0 0 1 0 1 0 1 0 0 1 1 0 1 1 0 1 0
 1 0 1]"
13,0.9999729613971187,"[1 1 1 1 1 1 1 1 1 1 1 1 1 1 1 1 1 1 0 1 0 0 1 0 1 0 1 0 0 0 1 0 1 1 0 1 1
 1 0 1]"
13,0.999956267898862,"[1 1 1 1 1 1 1 1 1 1 1 1 1 1 1 1 1 0 1 1 0 1 1 0 1 0 1 0 0 0 0 0 1 1 0 1 0
 1 0 1]"
13,0.9999586569408389,"[1 1 1 1 1 1 1 1 1 1 1 1 1 1 1 1 1 0 1 1 1 0 1 0 1 0 1 0 0 0 1 0 1 1 1 1 0
 1 0 1]"
13,0.9999729613880239,"[1 1 1 1 1 1 1 1 1 1 1 1 1 1 1 1 1 1 0 1 0 0 1 0 1 0 1 0 0 0 1 0 1 1 0 1 1
 1 0 0]"
13,0.9999544845605156,"[1 1 1 1 1 1 1 1 1 1 1 1 1 1 1 1 1 0 1 1 0 0 1 1 1 0 1 0 0 0 1 0 1 1 0 1 1
 1 0 1]"
13,0.9999729613971187,"[1 1 1 1 1 1 1 1 1 1 1 1 1 1 1 1 1 1 0 1 0 0 1 0 1 0 1 0 0 0 1 0 1 1 0 1 1
 1 0 1]"
13,0.9999540374713255,"[1 1 1 1 1 1 1 1 1 1 1 1 1 1 1 1 1 0 1 1 0 0 1 0 1 1 1 0 0 0 1 0 1 1 0 1 0
 1 0 1]"
13,0.9999562725552916,"[1 1 1 1 1 1 1 1 1 1 1 1 1 1 1 1 1 0 1 1 0 1 1 0 1 0 1 0 0 0 1 0 1 1 0 1 0
 1 0 1]"
13,0.9999729613971187,"[1 1 1 1 1 1 1 1 1 1 1 1 1 1 1 1 1 1 0 1 0 0 1 0 1 0 1 0 0 0 1 0 1 1 0 1 1
 1 0 1]"
13,0.999992034510245,"[1 1 1 1 1 1 1 1 1 1 1 1 1 1 1 1 1 1 1 1 0 0 1 0 1 0 1 0 0 0 1 0 1 1 0 1 0
 1 0 1]"
13,0.9999588056558888,"[1 1 1 1 1 1 1 1 1 1 1 1 1 1 1 1 1 0 1 1 1 0 1 0 1 1 1 0 0 0 1 0 1 1 0 1 0
 1 0 1]"
13,0.99995389792424,"[1 1 1 1 1 1 1 1 1 1 1 1 1 1 1 1 1 0 1 1 0 0 1 0 1 0 1 0 0 1 1 0 1 1 1 0 0
 1 0 1]"
13,0.9999729613971187,"[1 1 1 1 1 1 1 1 1 1 1 1 1 1 1 1 1 1 0 1 0 0 1 0 1 0 1 0 0 0 1 0 1 1 0 1 1
 1 0 1]"
13,0.9999920345830041,"[1 1 1 1 1 1 1 1 1 1 1 1 1 1 1 1 1 1 1 1 0 0 1 0 1 0 1 0 0 0 1 0 1 1 0 1 1
 1 0 1]"
13,0.9999586566498114,"[1 1 1 1 1 1 1 1 1 1 1 1 1 1 1 1 1 0 1 1 1 0 1 0 1 0 1 0 0 0 1 0 1 1 0 1 0
 1 0 1]"
13,0.9902314710128686,"[1 1 1 1 1 1 1 1 1 0 1 1 1 1 1 1 1 0 1 1 0 0 1 0 1 0 1 0 0 0 1 0 1 1 0 1 1
 1 0 1]"
13,0.9999920345830041,"[1 1 1 1 1 1 1 1 1 1 1 1 1 1 1 1 1 1 1 1 0 0 1 0 1 0 1 0 0 0 1 0 1 1 0 1 1
 1 0 1]"
13,0.9950843670827787,"[1 1 1 1 1 1 1 1 1 1 0 1 1 1 1 1 1 0 1 1 0 1 1 0 1 0 1 0 0 0 1 0 1 1 1 1 1
 1 0 1]"
13,0.9805965559391254,"[1 1 1 1 1 1 1 1 0 1 1 1 1 1 1 1 1 0 1 1 0 1 1 0 1 0 1 0 0 0 1 0 1 1 1 1 1
 1 0 1]"
13,0.9999588056558888,"[1 1 1 1 1 1 1 1 1 1 1 1 1 1 1 1 1 0 1 1 1 0 1 0 1 1 1 0 0 0 1 0 1 1 0 1 0
 1 0 1]"
13,0.9999729613971187,"[1 1 1 1 1 1 1 1 1 1 1 1 1 1 1 1 1 1 0 1 0 0 1 0 1 0 1 0 0 0 1 0 1 1 0 1 1
 1 0 1]"
13,0.9999729613971187,"[1 1 1 1 1 1 1 1 1 1 1 1 1 1 1 1 1 1 0 1 0 0 1 0 1 0 1 0 0 0 1 0 1 1 0 1 1
 1 0 1]"
13,0.9999586567225683,"[1 1 1 1 1 1 1 1 1 1 1 1 1 1 1 1 1 0 1 1 1 0 1 0 1 0 1 0 0 0 1 0 1 1 0 1 1
 1 0 1]"
13,0.9999729613971187,"[1 1 1 1 1 1 1 1 1 1 1 1 1 1 1 1 1 1 0 1 0 0 1 0 1 0 1 0 0 0 1 0 1 1 0 1 1
 1 0 1]"
13,0.9999920345830041,"[1 1 1 1 1 1 1 1 1 1 1 1 1 1 1 1 1 1 1 1 0 0 1 0 1 0 1 0 0 0 1 0 1 1 0 1 1
 1 0 1]"
13,0.999992034510245,"[1 1 1 1 1 1 1 1 1 1 1 1 1 1 1 1 1 1 1 1 0 0 1 0 1 0 1 0 0 0 1 0 1 1 0 1 0
 1 0 1]"
13,0.999992034510245,"[1 1 1 1 1 1 1 1 1 1 1 1 1 1 1 1 1 1 1 1 0 0 1 0 1 0 1 0 0 0 1 0 1 1 0 1 0
 1 0 1]"
13,0.5244573527225841,"[1 1 1 0 1 1 1 1 1 1 1 1 1 1 1 1 1 1 1 1 0 1 1 0 1 0 1 0 0 0 1 0 1 1 0 1 0
 1 0 1]"
13,0.999954046784166,"[1 1 1 1 1 1 1 1 1 1 1 1 1 1 1 1 1 0 1 1 0 0 1 0 1 1 1 0 0 1 1 0 1 1 0 1 0
 1 0 1]"
13,0.999992034510245,"[1 1 1 1 1 1 1 1 1 1 1 1 1 1 1 1 1 1 1 1 0 0 1 0 1 0 1 0 0 0 1 0 1 1 0 1 0
 1 0 1]"
13,0.9999564215610492,"[1 1 1 1 1 1 1 1 1 1 1 1 1 1 1 1 1 0 1 1 0 1 1 0 1 1 1 0 0 0 1 0 1 1 0 1 0
 1 0 1]"
13,0.9999562726280484,"[1 1 1 1 1 1 1 1 1 1 1 1 1 1 1 1 1 0 1 1 0 1 1 0 1 0 1 0 0 0 1 0 1 1 0 1 1
 1 0 1]"
13,0.9999920345830041,"[1 1 1 1 1 1 1 1 1 1 1 1 1 1 1 1 1 1 1 1 0 0 1 0 1 0 1 0 0 0 1 0 1 1 0 1 1
 1 0 1]"
13,0.9999540373258123,"[1 1 1 1 1 1 1 1 1 1 1 1 1 1 1 1 1 0 1 1 0 0 1 0 1 1 1 0 0 0 1 0 1 1 0 0 0
 1 0 1]"
13,0.9999920345011502,"[1 1 1 1 1 1 1 1 1 1 1 1 1 1 1 1 1 1 1 1 0 0 1 0 1 0 1 0 0 0 1 0 1 1 0 1 0
 1 0 0]"
13,0.9999562725552916,"[1 1 1 1 1 1 1 1 1 1 1 1 1 1 1 1 1 0 1 1 0 1 1 0 1 0 1 0 0 0 1 0 1 1 0 1 0
 1 0 1]"
13,0.9999729613971187,"[1 1 1 1 1 1 1 1 1 1 1 1 1 1 1 1 1 1 0 1 0 0 1 0 1 0 1 0 0 0 1 0 1 1 0 1 1
 1 0 1]"
step,fitness,genome
14,0.9999920369112938,"[1 1 1 1 1 1 1 1 1 1 1 1 1 1 1 1 1 1 1 1 0 0 1 0 1 0 1 0 0 0 1 1 1 1 0 1 1
 1 0 1]"
14,0.9999920345011502,"[1 1 1 1 1 1 1 1 1 1 1 1 1 1 1 1 1 1 1 1 0 0 1 0 1 0 1 0 0 0 1 0 1 1 0 1 0
 1 0 0]"
14,0.9999585845477568,"[1 1 1 1 1 1 1 1 1 1 1 1 1 1 1 1 1 0 1 1 1 0 1 0 1 0 0 0 0 0 1 1 1 1 0 1 1
 1 0 1]"
14,0.9999729613243609,"[1 1 1 1 1 1 1 1 1 1 1 1 1 1 1 1 1 1 0 1 0 0 1 0 1 0 1 0 0 0 1 0 1 1 0 1 0
 1 0 1]"
14,0.9999920345830041,"[1 1 1 1 1 1 1 1 1 1 1 1 1 1 1 1 1 1 1 1 0 0 1 0 1 0 1 0 0 0 1 0 1 1 0 1 1
 1 0 1]"
14,0.9999920345830041,"[1 1 1 1 1 1 1 1 1 1 1 1 1 1 1 1 1 1 1 1 0 0 1 0 1 0 1 0 0 0 1 0 1 1 0 1 1
 1 0 1]"
14,0.854253030182885,"[1 1 1 1 1 0 1 1 1 1 1 1 1 1 1 1 1 0 1 1 0 1 1 0 1 1 1 0 0 0 1 0 1 1 0 1 0
 1 0 1]"
14,0.9999729613971187,"[1 1 1 1 1 1 1 1 1 1 1 1 1 1 1 1 1 1 0 1 0 0 1 0 1 0 1 0 0 0 1 0 1 1 0 1 1
 1 0 1]"
14,0.998752958297175,"[1 1 1 1 1 1 1 1 1 1 1 1 0 1 1 1 1 1 0 1 0 0 1 0 1 0 1 0 0 0 1 0 1 1 0 1 1
 1 0 1]"
14,0.9993818550057524,"[1 1 1 1 1 1 1 1 1 1 1 1 1 0 1 1 1 1 1 1 0 0 1 0 1 0 1 0 0 0 1 0 1 1 0 1 1
 1 0 1]"
14,0.9999562725552916,"[1 1 1 1 1 1 1 1 1 1 1 1 1 1 1 1 1 0 1 1 0 1 1 0 1 0 1 0 0 0 1 0 1 1 0 1 0
 1 0 1]"
14,0.9999586569408389,"[1 1 1 1 1 1 1 1 1 1 1 1 1 1 1 1 1 0 1 1 1 0 1 0 1 0 1 0 0 0 1 0 1 1 1 1 0
 1 0 1]"
14,0.9999920345830041,"[1 1 1 1 1 1 1 1 1 1 1 1 1 1 1 1 1 1 1 1 0 0 1 0 1 0 1 0 0 0 1 0 1 1 0 1 1
 1 0 1]"
14,0.9999729613971187,"[1 1 1 1 1 1 1 1 1 1 1 1 1 1 1 1 1 1 0 1 0 0 1 0 1 0 1 0 0 0 1 0 1 1 0 1 1
 1 0 1]"
14,0.999992034510245,"[1 1 1 1 1 1 1 1 1 1 1 1 1 1 1 1 1 1 1 1 0 0 1 0 1 0 1 0 0 0 1 0 1 1 0 1 0
 1 0 1]"
14,0.9999586566498114,"[1 1 1 1 1 1 1 1 1 1 1 1 1 1 1 1 1 0 1 1 1 0 1 0 1 0 1 0 0 0 1 0 1 1 0 1 0
 1 0 1]"
14,0.9999920299264246,"[1 1 1 1 1 1 1 1 1 1 1 1 1 1 1 1 1 1 1 1 0 0 1 0 1 0 1 0 0 0 0 0 1 1 0 1 1
 1 0 1]"
14,0.9999729613971187,"[1 1 1 1 1 1 1 1 1 1 1 1 1 1 1 1 1 1 0 1 0 0 1 0 1 0 1 0 0 0 1 0 1 1 0 1 1
 1 0 1]"
14,0.999992034510245,"[1 1 1 1 1 1 1 1 1 1 1 1 1 1 1 1 1 1 1 1 0 0 1 0 1 0 1 0 0 0 1 0 1 1 0 1 0
 1 0 1]"
14,0.9999729613243609,"[1 1 1 1 1 1 1 1 1 1 1 1 1 1 1 1 1 1 0 1 0 0 1 0 1 0 1 0 0 0 1 0 1 1 0 1 0
 1 0 1]"
14,0.999992034510245,"[1 1 1 1 1 1 1 1 1 1 1 1 1 1 1 1 1 1 1 1 0 0 1 0 1 0 1 0 0 0 1 0 1 1 0 1 0
 1 0 1]"
14,0.9999896504168629,"[1 1 1 1 1 1 1 1 1 1 1 1 1 1 1 1 1 1 1 0 1 1 1 0 1 0 1 0 0 0 1 0 1 1 0 1 1
 1 0 1]"
14,0.9999729637253684,"[1 1 1 1 1 1 1 1 1 1 1 1 1 1 1 1 1 1 0 1 0 0 1 0 1 0 1 0 0 0 1 1 1 1 0 1 1
 1 0 1]"
14,0.9245266110007005,"[1 1 1 1 1 1 0 1 1 1 1 1 1 1 1 1 1 0 1 1 1 0 1 0 1 0 1 0 0 0 1 0 1 1 0 1 0
 1 0 1]"
14,0.9999586566498114,"[1 1 1 1 1 1 1 1 1 1 1 1 1 1 1 1 1 0 1 1 1 0 1 0 1 0 1 0 0 0 1 0 1 1 0 1 0
 1 0 1]"
14,0.056312916623034344,"[1 0 1 1 1 1 1 1 1 1 1 1 1 1 1 1 1 1 1 1 0 0 1 0 1 0 1 0 0 0 1 0 1 1 0 1 0
 1 0 0]"
14,0.9999920345830041,"[1 1 1 1 1 1 1 1 1 1 1 1 1 1 1 1 1 1 1 1 0 0 1 0 1 0 1 0 0 0 1 0 1 1 0 1 1
 1 0 1]"
14,0.9999729613971187,"[1 1 1 1 1 1 1 1 1 1 1 1 1 1 1 1 1 1 0 1 0 0 1 0 1 0 1 0 0 0 1 0 1 1 0 1 1
 1 0 1]"
14,0.9999920339281726,"[1 1 1 1 1 1 1 1 1 1 1 1 1 1 1 1 1 1 1 1 0 0 1 0 1 0 1 0 0 0 1 0 1 0 0 1 0
 1 0 1]"
14,0.7274973254722003,"[1 1 1 1 0 1 1 1 1 1 1 1 1 0 1 1 1 1 0 1 0 0 1 0 1 0 1 0 0 0 1 0 1 1 0 1 1
 1 0 1]"
14,0.9998204063198524,"[1 1 1 1 1 1 1 1 1 1 1 1 1 1 1 0 1 1 0 1 0 0 1 0 1 0 1 0 1 0 1 0 1 1 0 1 1
 1 0 1]"
14,0.9999729613971187,"[1 1 1 1 1 1 1 1 1 1 1 1 1 1 1 1 1 1 0 1 0 0 1 0 1 0 1 0 0 0 1 0 1 1 0 1 1
 1 0 1]"
14,0.9999729613971187,"[1 1 1 1 1 1 1 1 1 1 1 1 1 1 1 1 1 1 0 1 0 0 1 0 1 0 1 0 0 0 1 0 1 1 0 1 1
 1 0 1]"
14,0.9999729613971187,"[1 1 1 1 1 1 1 1 1 1 1 1 1 1 1 1 1 1 0 1 0 0 1 0 1 0 1 0 0 0 1 0 1 1 0 1 1
 1 0 1]"
14,0.9999944186815019,"[1 1 1 1 1 1 1 1 1 1 1 1 1 1 1 1 1 1 1 1 0 1 1 0 1 0 1 0 0 0 1 0 1 1 0 1 0
 1 0 1]"
14,0.9999729613971187,"[1 1 1 1 1 1 1 1 1 1 1 1 1 1 1 1 1 1 0 1 0 0 1 0 1 0 1 0 0 0 1 0 1 1 0 1 1
 1 0 1]"
14,0.9999729613243609,"[1 1 1 1 1 1 1 1 1 1 1 1 1 1 1 1 1 1 0 1 0 0 1 0 1 0 1 0 0 0 1 0 1 1 0 1 0
 1 0 1]"
14,0.9999920345830041,"[1 1 1 1 1 1 1 1 1 1 1 1 1 1 1 1 1 1 1 1 0 0 1 0 1 0 1 0 0 0 1 0 1 1 0 1 1
 1 0 1]"
14,0.9999920345830041,"[1 1 1 1 1 1 1 1 1 1 1 1 1 1 1 1 1 1 1 1 0 0 1 0 1 0 1 0 0 0 1 0 1 1 0 1 1
 1 0 1]"
14,0.999992043823404,"[1 1 1 1 1 1 1 1 1 1 1 1 1 1 1 1 1 1 1 1 0 0 1 0 1 0 1 0 0 1 1 0 1 1 0 1 0
 1 0 1]"
14,0.9999920345739092,"[1 1 1 1 1 1 1 1 1 1 1 1 1 1 1 1 1 1 1 1 0 0 1 0 1 0 1 0 0 0 1 0 1 1 0 1 1
 1 0 0]"
14,0.999992034510245,"[1 1 1 1 1 1 1 1 1 1 1 1 1 1 1 1 1 1 1 1 0 0 1 0 1 0 1 0 0 0 1 0 1 1 0 1 0
 1 0 1]"
14,0.999992043823404,"[1 1 1 1 1 1 1 1 1 1 1 1 1 1 1 1 1 1 1 1 0 0 1 0 1 0 1 0 0 1 1 0 1 1 0 1 0
 1 0 1]"
14,0.9999540377623518,"[1 1 1 1 1 1 1 1 1 1 1 1 1 1 1 1 1 0 1 1 0 0 1 0 1 1 1 0 0 0 1 0 1 1 1 1 0
 1 0 1]"
14,0.9999944186815019,"[1 1 1 1 1 1 1 1 1 1 1 1 1 1 1 1 1 1 1 1 0 1 1 0 1 0 1 0 0 0 1 0 1 1 0 1 0
 1 0 1]"
14,0.999992034510245,"[1 1 1 1 1 1 1 1 1 1 1 1 1 1 1 1 1 1 1 1 0 0 1 0 1 0 1 0 0 0 1 0 1 1 0 1 0
 1 0 1]"
14,0.9999610396580916,"[1 1 1 1 1 1 1 1 1 1 1 1 1 1 1 1 1 0 1 1 1 1 1 0 1 0 1 0 0 0 1 0 0 1 0 1 1
 1 0 1]"
14,0.9999920345830041,"[1 1 1 1 1 1 1 1 1 1 1 1 1 1 1 1 1 1 1 1 0 0 1 0 1 0 1 0 0 0 1 0 1 1 0 1 1
 1 0 1]"
14,0.9999562725552916,"[1 1 1 1 1 1 1 1 1 1 1 1 1 1 1 1 1 0 1 1 0 1 1 0 1 0 1 0 0 0 1 0 1 1 0 1 0
 1 0 1]"
14,0.9999944186815019,"[1 1 1 1 1 1 1 1 1 1 1 1 1 1 1 1 1 1 1 1 0 1 1 0 1 0 1 0 0 0 1 0 1 1 0 1 0
 1 0 1]"
14,0.9999920345830041,"[1 1 1 1 1 1 1 1 1 1 1 1 1 1 1 1 1 1 1 1 0 0 1 0 1 0 1 0 0 0 1 0 1 1 0 1 1
 1 0 1]"
14,0.9999920345830041,"[1 1 1 1 1 1 1 1 1 1 1 1 1 1 1 1 1 1 1 1 0 0 1 0 1 0 1 0 0 0 1 0 1 1 0 1 1
 1 0 1]"
14,0.9999920345830041,"[1 1 1 1 1 1 1 1 1 1 1 1 1 1 1 1 1 1 1 1 0 0 1 0 1 0 1 0 0 0 1 0 1 1 0 1 1
 1 0 1]"
14,0.9999562911810103,"[1 1 1 1 1 1 1 1 1 1 1 1 1 1 1 1 1 0 1 1 0 1 1 0 1 0 1 0 1 0 1 0 1 1 0 1 0
 1 0 1]"
14,0.05631291662918031,"[1 0 1 1 1 1 1 1 1 1 1 1 1 1 1 1 1 1 1 1 0 0 1 0 1 0 1 0 0 0 1 0 1 1 0 1 1
 1 0 1]"
14,0.999992034510245,"[1 1 1 1 1 1 1 1 1 1 1 1 1 1 1 1 1 1 1 1 0 0 1 0 1 0 1 0 0 0 1 0 1 1 0 1 0
 1 0 1]"
14,0.999992034510245,"[1 1 1 1 1 1 1 1 1 1 1 1 1 1 1 1 1 1 1 1 0 0 1 0 1 0 1 0 0 0 1 0 1 1 0 1 0
 1 0 1]"
14,0.9999564215610492,"[1 1 1 1 1 1 1 1 1 1 1 1 1 1 1 1 1 0 1 1 0 1 1 0 1 1 1 0 0 0 1 0 1 1 0 1 0
 1 0 1]"
14,0.9999729613971187,"[1 1 1 1 1 1 1 1 1 1 1 1 1 1 1 1 1 1 0 1 0 0 1 0 1 0 1 0 0 0 1 0 1 1 0 1 1
 1 0 1]"
14,0.9999920345830041,"[1 1 1 1 1 1 1 1 1 1 1 1 1 1 1 1 1 1 1 1 0 0 1 0 1 0 1 0 0 0 1 0 1 1 0 1 1
 1 0 1]"
14,0.999992034510245,"[1 1 1 1 1 1 1 1 1 1 1 1 1 1 1 1 1 1 1 1 0 0 1 0 1 0 1 0 0 0 1 0 1 1 0 1 0
 1 0 1]"
14,0.999992034510245,"[1 1 1 1 1 1 1 1 1 1 1 1 1 1 1 1 1 1 1 1 0 0 1 0 1 0 1 0 0 0 1 0 1 1 0 1 0
 1 0 1]"
14,0.9999729613971187,"[1 1 1 1 1 1 1 1 1 1 1 1 1 1 1 1 1 1 0 1 0 0 1 0 1 0 1 0 0 0 1 0 1 1 0 1 1
 1 0 1]"
14,0.9999920345830041,"[1 1 1 1 1 1 1 1 1 1 1 1 1 1 1 1 1 1 1 1 0 0 1 0 1 0 1 0 0 0 1 0 1 1 0 1 1
 1 0 1]"
14,0.9999564215610492,"[1 1 1 1 1 1 1 1 1 1 1 1 1 1 1 1 1 0 1 1 0 1 1 0 1 1 1 0 0 0 1 0 1 1 0 1 0
 1 0 1]"
14,0.9999586567225683,"[1 1 1 1 1 1 1 1 1 1 1 1 1 1 1 1 1 0 1 1 1 0 1 0 1 0 1 0 0 0 1 0 1 1 0 1 1
 1 0 1]"
14,0.9999729613971187,"[1 1 1 1 1 1 1 1 1 1 1 1 1 1 1 1 1 1 0 1 0 0 1 0 1 0 1 0 0 0 1 0 1 1 0 1 1
 1 0 1]"
14,0.999990842426535,"[1 1 1 1 1 1 1 1 1 1 1 1 1 1 1 1 1 1 1 1 0 0 0 0 1 0 1 0 0 0 1 0 1 1 0 1 0
 1 0 1]"
14,0.9999586567407575,"[1 1 1 1 1 1 1 1 1 1 1 1 1 1 1 1 1 0 1 1 1 0 1 0 1 0 1 0 0 0 1 0 1 1 0 1 1
 1 1 1]"
14,0.9999991871121228,"[1 1 1 1 1 1 1 1 1 1 1 1 1 1 1 1 1 1 1 1 1 1 1 0 1 0 1 0 0 0 1 0 1 1 0 1 1
 1 0 1]"
14,0.26302730851417055,"[1 1 0 1 1 1 1 1 1 1 1 1 1 1 1 0 1 1 1 1 0 0 1 0 1 0 1 0 0 0 1 0 1 1 0 1 0
 1 0 1]"
14,0.9999729613971187,"[1 1 1 1 1 1 1 1 1 1 1 1 1 1 1 1 1 1 0 1 0 0 1 0 1 0 1 0 0 0 1 0 1 1 0 1 1
 1 0 1]"
14,0.9999729613971187,"[1 1 1 1 1 1 1 1 1 1 1 1 1 1 1 1 1 1 0 1 0 0 1 0 1 0 1 0 0 0 1 0 1 1 0 1 1
 1 0 1]"
14,0.9999588056558888,"[1 1 1 1 1 1 1 1 1 1 1 1 1 1 1 1 1 0 1 1 1 0 1 0 1 1 1 0 0 0 1 0 1 1 0 1 0
 1 0 1]"
14,0.9999920345830041,"[1 1 1 1 1 1 1 1 1 1 1 1 1 1 1 1 1 1 1 1 0 0 1 0 1 0 1 0 0 0 1 0 1 1 0 1 1
 1 0 1]"
14,0.9999586590507881,"[1 1 1 1 1 1 1 1 1 1 1 1 1 1 1 1 1 0 1 1 1 0 1 0 1 0 1 0 0 0 1 1 1 1 0 1 1
 1 0 1]"
14,0.9999920532093222,"[1 1 1 1 1 1 1 1 1 1 1 1 1 1 1 1 1 1 1 1 0 0 1 0 1 0 1 0 1 0 1 0 1 1 0 1 1
 1 0 1]"
14,0.9999729613971187,"[1 1 1 1 1 1 1 1 1 1 1 1 1 1 1 1 1 1 0 1 0 0 1 0 1 0 1 0 0 0 1 0 1 1 0 1 1
 1 0 1]"
14,0.9999920345830041,"[1 1 1 1 1 1 1 1 1 1 1 1 1 1 1 1 1 1 1 1 0 0 1 0 1 0 1 0 0 0 1 0 1 1 0 1 1
 1 0 1]"
14,0.9999920345830041,"[1 1 1 1 1 1 1 1 1 1 1 1 1 1 1 1 1 1 1 1 0 0 1 0 1 0 1 0 0 0 1 0 1 1 0 1 1
 1 0 1]"
14,0.8542549699689169,"[1 1 1 1 1 0 1 1 1 1 1 1 1 1 1 1 1 0 1 1 1 0 1 0 1 0 1 0 0 0 1 0 1 1 0 1 1
 1 0 1]"
14,0.9233897771542128,"[1 1 1 1 1 1 0 1 1 1 1 1 0 1 1 1 1 0 1 1 1 0 1 0 1 0 1 0 0 0 1 0 1 1 1 1 0
 1 0 1]"
14,0.5244560189592968,"[1 1 1 0 1 1 1 1 1 1 1 1 1 1 1 1 1 1 1 1 0 0 1 0 1 0 1 0 0 0 1 0 1 1 0 1 0
 1 0 1]"
14,0.9999729613971187,"[1 1 1 1 1 1 1 1 1 1 1 1 1 1 1 1 1 1 0 1 0 0 1 0 1 0 1 0 0 0 1 0 1 1 0 1 1
 1 0 1]"
14,0.9999586566498114,"[1 1 1 1 1 1 1 1 1 1 1 1 1 1 1 1 1 0 1 1 1 0 1 0 1 0 1 0 0 0 1 0 1 1 0 1 0
 1 0 1]"
14,0.999992034510245,"[1 1 1 1 1 1 1 1 1 1 1 1 1 1 1 1 1 1 1 1 0 0 1 0 1 0 1 0 0 0 1 0 1 1 0 1 0
 1 0 1]"
14,0.999953883809468,"[1 1 1 1 1 1 1 1 1 1 1 1 1 1 1 1 1 0 1 1 0 0 1 0 1 0 1 0 0 0 0 0 1 1 0 1 0
 1 0 1]"
14,0.9987743923827471,"[1 1 1 1 1 1 1 1 1 1 1 1 0 1 1 1 1 1 1 1 0 1 1 0 1 0 1 0 0 0 1 0 1 1 1 1 1
 1 0 1]"
14,0.5244374299512552,"[1 1 1 0 1 1 1 1 1 1 1 1 1 1 1 1 1 0 1 1 1 0 1 0 1 1 1 0 0 0 1 0 1 1 0 1 0
 1 0 1]"
14,0.9999920345830041,"[1 1 1 1 1 1 1 1 1 1 1 1 1 1 1 1 1 1 1 1 0 0 1 0 1 0 1 0 0 0 1 0 1 1 0 1 1
 1 0 1]"
14,0.9999717693338719,"[1 1 1 1 1 1 1 1 1 1 1 1 1 1 1 1 1 1 0 1 0 0 0 0 1 0 1 0 0 0 1 0 1 1 0 1 1
 1 0 1]"
14,0.9999729613971187,"[1 1 1 1 1 1 1 1 1 1 1 1 1 1 1 1 1 1 0 1 0 0 1 0 1 0 1 0 0 0 1 0 1 1 0 1 1
 1 0 1]"
14,0.9999753455274489,"[1 1 1 1 1 1 1 1 1 1 1 1 1 1 1 1 1 1 0 1 0 1 1 0 1 0 1 0 0 0 1 0 1 1 0 1 1
 1 0 1]"
14,0.999992043823404,"[1 1 1 1 1 1 1 1 1 1 1 1 1 1 1 1 1 1 1 1 0 0 1 0 1 0 1 0 0 1 1 0 1 1 0 1 0
 1 0 1]"
14,0.9902716555438086,"[1 1 1 1 1 1 1 1 1 0 1 1 1 1 1 1 1 1 1 1 0 1 1 0 1 0 1 0 0 1 1 0 1 1 0 1 0
 1 0 0]"
14,0.999992034510245,"[1 1 1 1 1 1 1 1 1 1 1 1 1 1 1 1 1 1 1 1 0 0 1 0 1 0 1 0 0 0 1 0 1 1 0 1 0
 1 0 1]"
14,0.9999729613971187,"[1 1 1 1 1 1 1 1 1 1 1 1 1 1 1 1 1 1 0 1 0 0 1 0 1 0 1 0 0 0 1 0 1 1 0 1 1
 1 0 1]"
14,0.9999540375440821,"[1 1 1 1 1 1 1 1 1 1 1 1 1 1 1 1 1 0 1 1 0 0 1 0 1 1 1 0 0 0 1 0 1 1 0 1 1
 1 0 1]"
14,0.9999586566498114,"[1 1 1 1 1 1 1 1 1 1 1 1 1 1 1 1 1 0 1 1 1 0 1 0 1 0 1 0 0 0 1 0 1 1 0 1 0
 1 0 1]"
14,0.9999729613971187,"[1 1 1 1 1 1 1 1 1 1 1 1 1 1 1 1 1 1 0 1 0 0 1 0 1 0 1 0 0 0 1 0 1 1 0 1 1
 1 0 1]"
step,fitness,genome
15,0.999992043823404,"[1 1 1 1 1 1 1 1 1 1 1 1 1 1 1 1 1 1 1 1 0 0 1 0 1 0 1 0 0 1 1 0 1 1 0 1 0
 1 0 1]"
15,0.9999920345830041,"[1 1 1 1 1 1 1 1 1 1 1 1 1 1 1 1 1 1 1 1 0 0 1 0 1 0 1 0 0 0 1 0 1 1 0 1 1
 1 0 1]"
15,0.999992034510245,"[1 1 1 1 1 1 1 1 1 1 1 1 1 1 1 1 1 1 1 1 0 0 1 0 1 0 1 0 0 0 1 0 1 1 0 1 0
 1 0 1]"
15,0.9999920345830041,"[1 1 1 1 1 1 1 1 1 1 1 1 1 1 1 1 1 1 1 1 0 0 1 0 1 0 1 0 0 0 1 0 1 1 0 1 1
 1 0 1]"
15,0.999992043823404,"[1 1 1 1 1 1 1 1 1 1 1 1 1 1 1 1 1 1 1 1 0 0 1 0 1 0 1 0 0 1 1 0 1 1 0 1 0
 1 0 1]"
15,0.9999919623332653,"[1 1 1 1 1 1 1 1 1 1 1 1 1 1 1 1 1 1 1 1 0 0 1 0 1 0 0 0 0 0 1 1 1 1 0 1 0
 1 0 1]"
15,0.9999920345830041,"[1 1 1 1 1 1 1 1 1 1 1 1 1 1 1 1 1 1 1 1 0 0 1 0 1 0 1 0 0 0 1 0 1 1 0 1 1
 1 0 1]"
15,0.9999920345830041,"[1 1 1 1 1 1 1 1 1 1 1 1 1 1 1 1 1 1 1 1 0 0 1 0 1 0 1 0 0 0 1 0 1 1 0 1 1
 1 0 1]"
15,0.9999348160075757,"[1 1 1 1 1 1 1 1 1 1 1 1 1 1 1 1 1 0 0 1 0 0 1 0 1 0 1 0 0 0 1 0 1 1 0 1 1
 1 0 1]"
15,0.9999205117513773,"[1 1 1 1 1 1 1 1 1 1 1 1 1 1 1 1 0 1 1 1 1 0 1 0 1 0 1 0 0 0 1 0 1 1 0 1 0
 1 0 1]"
15,0.9999729613607398,"[1 1 1 1 1 1 1 1 1 1 1 1 1 1 1 1 1 1 0 1 0 0 1 0 1 0 1 0 0 0 1 0 1 1 0 1 1
 0 0 1]"
15,0.9999920345830041,"[1 1 1 1 1 1 1 1 1 1 1 1 1 1 1 1 1 1 1 1 0 0 1 0 1 0 1 0 0 0 1 0 1 1 0 1 1
 1 0 1]"
15,0.9245577140613315,"[1 1 1 1 1 1 0 1 1 1 1 1 1 1 1 1 1 1 1 1 0 0 1 0 1 0 1 0 0 0 1 0 1 1 0 1 1
 1 0 1]"
15,0.9999968028578746,"[1 1 1 1 1 1 1 1 1 1 1 1 1 1 1 1 1 1 1 1 1 0 1 0 1 0 1 0 0 0 1 0 1 1 0 1 0
 1 0 1]"
15,0.999990842426535,"[1 1 1 1 1 1 1 1 1 1 1 1 1 1 1 1 1 1 1 1 0 0 0 0 1 0 1 0 0 0 1 0 1 1 0 1 0
 1 0 1]"
15,0.9999920438415938,"[1 1 1 1 1 1 1 1 1 1 1 1 1 1 1 1 1 1 1 1 0 0 1 0 1 0 1 0 0 1 1 0 1 1 0 1 0
 1 1 1]"
15,0.9999920531365631,"[1 1 1 1 1 1 1 1 1 1 1 1 1 1 1 1 1 1 1 1 0 0 1 0 1 0 1 0 1 0 1 0 1 1 0 1 0
 1 0 1]"
15,0.9999729707101178,"[1 1 1 1 1 1 1 1 1 1 1 1 1 1 1 1 1 1 0 1 0 0 1 0 1 0 1 0 0 1 1 0 1 1 0 1 1
 1 0 1]"
15,0.999992034510245,"[1 1 1 1 1 1 1 1 1 1 1 1 1 1 1 1 1 1 1 1 0 0 1 0 1 0 1 0 0 0 1 0 1 1 0 1 0
 1 0 1]"
15,0.9999920438961631,"[1 1 1 1 1 1 1 1 1 1 1 1 1 1 1 1 1 1 1 1 0 0 1 0 1 0 1 0 0 1 1 0 1 1 0 1 1
 1 0 1]"
15,0.9999753455274489,"[1 1 1 1 1 1 1 1 1 1 1 1 1 1 1 1 1 1 0 1 0 1 1 0 1 0 1 0 0 0 1 0 1 1 0 1 1
 1 0 1]"
15,0.5244560241693038,"[1 1 1 0 1 1 1 1 1 1 1 1 1 1 1 1 1 1 1 1 0 0 1 0 1 0 1 0 0 1 1 0 1 1 0 1 0
 1 0 1]"
15,0.999977729662895,"[1 1 1 1 1 1 1 1 1 1 1 1 1 1 1 1 1 1 0 1 1 0 1 0 1 0 1 0 0 0 1 0 1 1 0 1 1
 1 0 1]"
15,0.9999944211007457,"[1 1 1 1 1 1 1 1 1 1 1 1 1 1 1 1 1 1 1 1 0 1 1 0 1 0 1 0 0 0 1 1 1 1 0 1 1
 1 1 1]"
15,0.9999944186815019,"[1 1 1 1 1 1 1 1 1 1 1 1 1 1 1 1 1 1 1 1 0 1 1 0 1 0 1 0 0 0 1 0 1 1 0 1 0
 1 0 1]"
15,0.26307318127807666,"[1 1 0 1 1 1 1 1 1 1 1 1 1 1 1 1 1 1 1 1 0 0 1 0 1 0 1 0 0 0 1 0 1 1 0 1 0
 1 0 1]"
15,0.999992034510245,"[1 1 1 1 1 1 1 1 1 1 1 1 1 1 1 1 1 1 1 1 0 0 1 0 1 0 1 0 0 0 1 0 1 1 0 1 0
 1 0 1]"
15,0.999992034510245,"[1 1 1 1 1 1 1 1 1 1 1 1 1 1 1 1 1 1 1 1 0 0 1 0 1 0 1 0 0 0 1 0 1 1 0 1 0
 1 0 1]"
15,0.999992034510245,"[1 1 1 1 1 1 1 1 1 1 1 1 1 1 1 1 1 1 1 1 0 0 1 0 1 0 1 0 0 0 1 0 1 1 0 1 0
 1 0 1]"
15,0.9993438787614718,"[1 1 1 1 1 1 1 1 1 1 1 1 1 0 1 1 1 0 1 1 0 0 1 0 1 1 1 0 0 0 1 0 1 1 0 1 0
 1 0 1]"
15,0.9999729613971187,"[1 1 1 1 1 1 1 1 1 1 1 1 1 1 1 1 1 1 0 1 0 0 1 0 1 0 1 0 0 0 1 0 1 1 0 1 1
 1 0 1]"
15,0.9999968029215391,"[1 1 1 1 1 1 1 1 1 1 1 1 1 1 1 1 1 1 1 1 1 0 1 0 1 0 1 0 0 0 1 0 1 1 0 1 1
 1 0 0]"
15,0.9999991871121228,"[1 1 1 1 1 1 1 1 1 1 1 1 1 1 1 1 1 1 1 1 1 1 1 0 1 0 1 0 0 0 1 0 1 1 0 1 1
 1 0 1]"
15,0.9999944186815019,"[1 1 1 1 1 1 1 1 1 1 1 1 1 1 1 1 1 1 1 1 0 1 1 0 1 0 1 0 0 0 1 0 1 1 0 1 0
 1 0 1]"
15,0.9999944186815019,"[1 1 1 1 1 1 1 1 1 1 1 1 1 1 1 1 1 1 1 1 0 1 1 0 1 0 1 0 0 0 1 0 1 1 0 1 0
 1 0 1]"
15,0.9999538977787269,"[1 1 1 1 1 1 1 1 1 1 1 1 1 1 1 1 1 0 1 1 0 0 1 0 1 0 1 0 0 1 1 0 1 1 0 1 0
 1 0 1]"
15,0.9999920345830041,"[1 1 1 1 1 1 1 1 1 1 1 1 1 1 1 1 1 1 1 1 0 0 1 0 1 0 1 0 0 0 1 0 1 1 0 1 1
 1 0 1]"
15,0.9999920369112938,"[1 1 1 1 1 1 1 1 1 1 1 1 1 1 1 1 1 1 1 1 0 0 1 0 1 0 1 0 0 0 1 1 1 1 0 1 1
 1 0 1]"
15,0.9999920345830041,"[1 1 1 1 1 1 1 1 1 1 1 1 1 1 1 1 1 1 1 1 0 0 1 0 1 0 1 0 0 0 1 0 1 1 0 1 1
 1 0 1]"
15,0.9999920345830041,"[1 1 1 1 1 1 1 1 1 1 1 1 1 1 1 1 1 1 1 1 0 0 1 0 1 0 1 0 0 0 1 0 1 1 0 1 1
 1 0 1]"
15,0.26307318127807666,"[1 1 0 1 1 1 1 1 1 1 1 1 1 1 1 1 1 1 1 1 0 0 1 0 1 0 1 0 0 0 1 0 1 1 0 1 0
 1 0 1]"
15,0.056129874447530516,"[1 0 1 1 1 1 1 1 1 1 1 0 1 1 1 1 1 1 1 1 0 0 1 0 1 0 1 0 0 0 1 0 1 1 0 1 1
 1 0 1]"
15,0.8542673842892808,"[1 1 1 1 1 0 1 1 1 1 1 1 1 1 1 1 1 1 0 1 0 0 1 0 1 0 1 0 0 0 1 0 1 1 0 1 1
 1 0 1]"
15,0.999990842499294,"[1 1 1 1 1 1 1 1 1 1 1 1 1 1 1 1 1 1 1 1 0 0 0 0 1 0 1 0 0 0 1 0 1 1 0 1 1
 1 0 1]"
15,0.9999920345739092,"[1 1 1 1 1 1 1 1 1 1 1 1 1 1 1 1 1 1 1 1 0 0 1 0 1 0 1 0 0 0 1 0 1 1 0 1 1
 1 0 0]"
15,0.9999729613971187,"[1 1 1 1 1 1 1 1 1 1 1 1 1 1 1 1 1 1 0 1 0 0 1 0 1 0 1 0 0 0 1 0 1 1 0 1 1
 1 0 1]"
15,0.999992034510245,"[1 1 1 1 1 1 1 1 1 1 1 1 1 1 1 1 1 1 1 1 0 0 1 0 1 0 1 0 0 0 1 0 1 1 0 1 0
 1 0 1]"
15,0.999992034510245,"[1 1 1 1 1 1 1 1 1 1 1 1 1 1 1 1 1 1 1 1 0 0 1 0 1 0 1 0 0 0 1 0 1 1 0 1 0
 1 0 1]"
15,0.5244560294200139,"[1 1 1 0 1 1 1 1 1 1 1 1 1 1 1 1 1 1 1 1 0 0 1 0 1 0 1 0 1 0 1 0 1 1 0 1 1
 1 0 1]"
15,0.999992034437486,"[1 1 1 1 1 1 1 1 1 1 1 1 1 1 1 1 1 1 1 1 0 0 1 0 1 0 1 0 0 0 1 0 1 1 0 0 1
 1 0 1]"
15,0.9999920369112938,"[1 1 1 1 1 1 1 1 1 1 1 1 1 1 1 1 1 1 1 1 0 0 1 0 1 0 1 0 0 0 1 1 1 1 0 1 1
 1 0 1]"
15,0.9999920345830041,"[1 1 1 1 1 1 1 1 1 1 1 1 1 1 1 1 1 1 1 1 0 0 1 0 1 0 1 0 0 0 1 0 1 1 0 1 1
 1 0 1]"
15,0.9999944186815019,"[1 1 1 1 1 1 1 1 1 1 1 1 1 1 1 1 1 1 1 1 0 1 1 0 1 0 1 0 0 0 1 0 1 1 0 1 0
 1 0 1]"
15,0.9999920345830041,"[1 1 1 1 1 1 1 1 1 1 1 1 1 1 1 1 1 1 1 1 0 0 1 0 1 0 1 0 0 0 1 0 1 1 0 1 1
 1 0 1]"
15,0.999992034510245,"[1 1 1 1 1 1 1 1 1 1 1 1 1 1 1 1 1 1 1 1 0 0 1 0 1 0 1 0 0 0 1 0 1 1 0 1 0
 1 0 1]"
15,0.9999944175173545,"[1 1 1 1 1 1 1 1 1 1 1 1 1 1 1 1 1 1 1 1 0 1 1 0 1 0 1 0 0 0 1 0 0 1 0 1 0
 1 0 1]"
15,0.9999729986491157,"[1 1 1 1 1 1 1 1 1 1 1 1 1 1 1 1 1 1 0 1 0 0 1 0 1 0 1 1 0 0 1 0 1 1 0 1 1
 1 0 1]"
15,0.9999920532093222,"[1 1 1 1 1 1 1 1 1 1 1 1 1 1 1 1 1 1 1 1 0 0 1 0 1 0 1 0 1 0 1 0 1 1 0 1 1
 1 0 1]"
15,0.7279755458198007,"[1 1 1 1 0 1 1 1 1 1 1 1 1 1 1 1 1 1 1 1 1 1 1 0 1 0 1 0 0 0 1 0 1 1 0 1 1
 1 0 1]"
15,0.999992034510245,"[1 1 1 1 1 1 1 1 1 1 1 1 1 1 1 1 1 1 1 1 0 0 1 0 1 0 1 0 0 0 1 0 1 1 0 1 0
 1 0 1]"
15,0.9999920345830041,"[1 1 1 1 1 1 1 1 1 1 1 1 1 1 1 1 1 1 1 1 0 0 1 0 1 0 1 0 0 0 1 0 1 1 0 1 1
 1 0 1]"
15,0.999990842426535,"[1 1 1 1 1 1 1 1 1 1 1 1 1 1 1 1 1 1 1 1 0 0 0 0 1 0 1 0 0 0 1 0 1 1 0 1 0
 1 0 1]"
15,0.9975604631100389,"[1 1 1 1 1 1 1 1 1 1 1 0 1 1 1 1 1 1 1 1 1 1 1 0 1 0 1 0 0 0 1 0 1 1 0 1 1
 1 0 1]"
15,0.9999920345830041,"[1 1 1 1 1 1 1 1 1 1 1 1 1 1 1 1 1 1 1 1 0 0 1 0 1 0 1 0 0 0 1 0 1 1 0 1 1
 1 0 1]"
15,0.9999920531365631,"[1 1 1 1 1 1 1 1 1 1 1 1 1 1 1 1 1 1 1 1 0 0 1 0 1 0 1 0 1 0 1 0 1 1 0 1 0
 1 0 1]"
15,0.0009765515991479127,"[0 1 1 1 1 1 1 1 1 1 1 1 1 1 1 1 1 1 1 1 0 1 1 0 1 0 1 0 0 0 1 0 1 1 0 1 1
 1 0 1]"
15,0.9999920334188592,"[1 1 1 1 1 1 1 1 1 1 1 1 1 1 1 1 1 1 1 1 0 0 1 0 1 0 1 0 0 0 1 0 0 1 0 1 1
 1 0 1]"
15,0.9999729613971187,"[1 1 1 1 1 1 1 1 1 1 1 1 1 1 1 1 1 1 0 1 0 0 1 0 1 0 1 0 0 0 1 0 1 1 0 1 1
 1 0 1]"
15,0.9999920530638041,"[1 1 1 1 1 1 1 1 1 1 1 1 1 1 1 1 1 1 1 1 0 0 1 0 1 0 1 0 1 0 1 0 1 1 0 0 1
 1 0 1]"
15,0.9999991871121228,"[1 1 1 1 1 1 1 1 1 1 1 1 1 1 1 1 1 1 1 1 1 1 1 0 1 0 1 0 0 0 1 0 1 1 0 1 1
 1 0 1]"
15,0.2630731840781477,"[1 1 0 1 1 1 1 1 1 1 1 1 1 1 1 1 1 1 1 1 0 0 1 0 1 0 1 0 0 1 1 0 1 1 0 1 0
 1 0 1]"
15,0.9999729607422984,"[1 1 1 1 1 1 1 1 1 1 1 1 1 1 1 1 1 1 0 1 0 0 1 0 1 0 1 0 0 0 1 0 1 0 0 1 0
 1 0 1]"
15,0.9999729613971187,"[1 1 1 1 1 1 1 1 1 1 1 1 1 1 1 1 1 1 0 1 0 0 1 0 1 0 1 0 0 0 1 0 1 1 0 1 1
 1 0 1]"
15,0.9999920345830041,"[1 1 1 1 1 1 1 1 1 1 1 1 1 1 1 1 1 1 1 1 0 0 1 0 1 0 1 0 0 0 1 0 1 1 0 1 1
 1 0 1]"
15,0.999992043823404,"[1 1 1 1 1 1 1 1 1 1 1 1 1 1 1 1 1 1 1 1 0 0 1 0 1 0 1 0 0 1 1 0 1 1 0 1 0
 1 0 1]"
15,0.9999920345830041,"[1 1 1 1 1 1 1 1 1 1 1 1 1 1 1 1 1 1 1 1 0 0 1 0 1 0 1 0 0 0 1 0 1 1 0 1 1
 1 0 1]"
15,0.999990851739684,"[1 1 1 1 1 1 1 1 1 1 1 1 1 1 1 1 1 1 1 1 0 0 0 0 1 0 1 0 0 1 1 0 1 1 0 1 0
 1 0 1]"
15,0.9999920345739092,"[1 1 1 1 1 1 1 1 1 1 1 1 1 1 1 1 1 1 1 1 0 0 1 0 1 0 1 0 0 0 1 0 1 1 0 1 1
 1 0 0]"
15,0.999992034510245,"[1 1 1 1 1 1 1 1 1 1 1 1 1 1 1 1 1 1 1 1 0 0 1 0 1 0 1 0 0 0 1 0 1 1 0 1 0
 1 0 1]"
15,0.999956291253767,"[1 1 1 1 1 1 1 1 1 1 1 1 1 1 1 1 1 0 1 1 0 1 1 0 1 0 1 0 1 0 1 0 1 1 0 1 1
 1 0 1]"
15,0.9999920345830041,"[1 1 1 1 1 1 1 1 1 1 1 1 1 1 1 1 1 1 1 1 0 0 1 0 1 0 1 0 0 0 1 0 1 1 0 1 1
 1 0 1]"
15,0.999992043823404,"[1 1 1 1 1 1 1 1 1 1 1 1 1 1 1 1 1 1 1 1 0 0 1 0 1 0 1 0 0 1 1 0 1 1 0 1 0
 1 0 1]"
15,0.9975557075424872,"[1 1 1 1 1 1 1 1 1 1 1 0 1 1 1 1 1 1 1 1 0 1 1 0 1 0 1 0 0 0 1 1 1 1 0 1 1
 1 0 1]"
15,0.999992034510245,"[1 1 1 1 1 1 1 1 1 1 1 1 1 1 1 1 1 1 1 1 0 0 1 0 1 0 1 0 0 0 1 0 1 1 0 1 0
 1 0 1]"
15,0.9999920345830041,"[1 1 1 1 1 1 1 1 1 1 1 1 1 1 1 1 1 1 1 1 0 0 1 0 1 0 1 0 0 0 1 0 1 1 0 1 1
 1 0 1]"
15,0.9999729613243609,"[1 1 1 1 1 1 1 1 1 1 1 1 1 1 1 1 1 1 0 1 0 0 1 0 1 0 1 0 0 0 1 0 1 1 0 1 0
 1 0 1]"
15,0.9999944186815019,"[1 1 1 1 1 1 1 1 1 1 1 1 1 1 1 1 1 1 1 1 0 1 1 0 1 0 1 0 0 0 1 0 1 1 0 1 0
 1 0 1]"
15,0.9999920339281726,"[1 1 1 1 1 1 1 1 1 1 1 1 1 1 1 1 1 1 1 1 0 0 1 0 1 0 1 0 0 0 1 0 1 0 0 1 0
 1 0 1]"
15,0.2630731812999522,"[1 1 0 1 1 1 1 1 1 1 1 1 1 1 1 1 1 1 1 1 0 0 1 0 1 0 1 0 0 0 1 0 1 1 0 1 1
 1 0 1]"
15,0.9999729613971187,"[1 1 1 1 1 1 1 1 1 1 1 1 1 1 1 1 1 1 0 1 0 0 1 0 1 0 1 0 0 0 1 0 1 1 0 1 1
 1 0 1]"
15,0.999992043823404,"[1 1 1 1 1 1 1 1 1 1 1 1 1 1 1 1 1 1 1 1 0 0 1 0 1 0 1 0 0 1 1 0 1 1 0 1 0
 1 0 1]"
15,0.8542839369690053,"[1 1 1 1 1 0 1 1 1 1 1 1 1 1 1 1 1 1 1 1 0 0 1 0 1 0 1 0 0 0 1 0 1 1 0 1 1
 1 0 1]"
15,0.9999920345830041,"[1 1 1 1 1 1 1 1 1 1 1 1 1 1 1 1 1 1 1 1 0 0 1 0 1 0 1 0 0 0 1 0 1 1 0 1 1
 1 0 1]"
15,0.999992034510245,"[1 1 1 1 1 1 1 1 1 1 1 1 1 1 1 1 1 1 1 1 0 0 1 0 1 0 1 0 0 0 1 0 1 1 0 1 0
 1 0 1]"
15,0.9999944186815019,"[1 1 1 1 1 1 1 1 1 1 1 1 1 1 1 1 1 1 1 1 0 1 1 0 1 0 1 0 0 0 1 0 1 1 0 1 0
 1 0 1]"
15,0.9975533262815945,"[1 1 1 1 1 1 1 1 1 1 1 0 1 1 1 1 1 1 1 1 0 0 1 0 1 0 1 0 0 0 1 0 1 1 0 1 1
 1 0 1]"
15,0.9999920345830041,"[1 1 1 1 1 1 1 1 1 1 1 1 1 1 1 1 1 1 1 1 0 0 1 0 1 0 1 0 0 0 1 0 1 1 0 1 1
 1 0 1]"
15,0.9999920369112938,"[1 1 1 1 1 1 1 1 1 1 1 1 1 1 1 1 1 1 1 1 0 0 1 0 1 0 1 0 0 0 1 1 1 1 0 1 1
 1 0 1]"
15,0.9999920345830041,"[1 1 1 1 1 1 1 1 1 1 1 1 1 1 1 1 1 1 1 1 0 0 1 0 1 0 1 0 0 0 1 0 1 1 0 1 1
 1 0 1]"
15,0.9951223455390836,"[1 1 1 1 1 1 1 1 1 1 0 1 1 1 1 1 1 1 1 1 0 1 1 0 1 0 1 0 0 0 1 0 1 1 0 1 0
 1 0 1]"
step,fitness,genome
16,0.999992043823404,"[1 1 1 1 1 1 1 1 1 1 1 1 1 1 1 1 1 1 1 1 0 0 1 0 1 0 1 0 0 1 1 0 1 1 0 1 0
 1 0 1]"
16,0.999992043823404,"[1 1 1 1 1 1 1 1 1 1 1 1 1 1 1 1 1 1 1 1 0 0 1 0 1 0 1 0 0 1 1 0 1 1 0 1 0
 1 0 1]"
16,0.7279701779300402,"[1 1 1 1 0 1 1 1 1 1 1 1 1 1 1 1 1 1 1 1 0 0 1 0 1 0 1 0 0 1 1 0 1 1 0 1 0
 1 0 1]"
16,0.999992043823404,"[1 1 1 1 1 1 1 1 1 1 1 1 1 1 1 1 1 1 1 1 0 0 1 0 1 0 1 0 0 1 1 0 1 1 0 1 0
 1 0 1]"
16,0.9999920345739092,"[1 1 1 1 1 1 1 1 1 1 1 1 1 1 1 1 1 1 1 1 0 0 1 0 1 0 1 0 0 0 1 0 1 1 0 1 1
 1 0 0]"
16,0.9999973989027672,"[1 1 1 1 1 1 1 1 1 1 1 1 1 1 1 1 1 1 1 1 1 0 1 1 1 0 1 0 0 0 1 0 1 1 0 1 0
 1 0 1]"
16,0.9999944211007457,"[1 1 1 1 1 1 1 1 1 1 1 1 1 1 1 1 1 1 1 1 0 1 1 0 1 0 1 0 0 0 1 1 1 1 0 1 1
 1 1 1]"
16,0.9999920461516938,"[1 1 1 1 1 1 1 1 1 1 1 1 1 1 1 1 1 1 1 1 0 0 1 0 1 0 1 0 0 1 1 1 1 1 0 1 0
 1 0 1]"
16,0.999992192833959,"[1 1 1 1 1 1 1 1 1 1 1 1 1 1 1 1 1 1 1 1 0 0 1 0 1 1 1 0 0 1 1 0 1 1 0 1 0
 1 0 1]"
16,0.9999920810760409,"[1 1 1 1 1 1 1 1 1 1 1 1 1 1 1 1 1 1 1 1 0 0 1 0 1 0 1 1 0 1 1 0 1 1 0 1 0
 1 0 1]"
16,0.9999944186815019,"[1 1 1 1 1 1 1 1 1 1 1 1 1 1 1 1 1 1 1 1 0 1 1 0 1 0 1 0 0 0 1 0 1 1 0 1 0
 1 0 1]"
16,0.9999920531365631,"[1 1 1 1 1 1 1 1 1 1 1 1 1 1 1 1 1 1 1 1 0 0 1 0 1 0 1 0 1 0 1 0 1 1 0 1 0
 1 0 1]"
16,0.999992043823404,"[1 1 1 1 1 1 1 1 1 1 1 1 1 1 1 1 1 1 1 1 0 0 1 0 1 0 1 0 0 1 1 0 1 1 0 1 0
 1 0 1]"
16,0.9999944211007457,"[1 1 1 1 1 1 1 1 1 1 1 1 1 1 1 1 1 1 1 1 0 1 1 0 1 0 1 0 0 0 1 1 1 1 0 1 1
 1 1 1]"
16,0.9999920532093222,"[1 1 1 1 1 1 1 1 1 1 1 1 1 1 1 1 1 1 1 1 0 0 1 0 1 0 1 0 1 0 1 0 1 1 0 1 1
 1 0 1]"
16,0.999990842499294,"[1 1 1 1 1 1 1 1 1 1 1 1 1 1 1 1 1 1 1 1 0 0 0 0 1 0 1 0 0 0 1 0 1 1 0 1 1
 1 0 1]"
16,0.9998394768869093,"[1 1 1 1 1 1 1 1 1 1 1 1 1 1 1 0 1 1 1 1 0 0 1 0 1 0 1 0 1 0 1 0 1 1 0 1 1
 1 0 1]"
16,0.9987743944359377,"[1 1 1 1 1 1 1 1 1 1 1 1 0 1 1 1 1 1 1 1 0 1 1 0 1 0 1 0 0 0 1 1 1 1 0 1 1
 1 1 1]"
16,0.999992043823404,"[1 1 1 1 1 1 1 1 1 1 1 1 1 1 1 1 1 1 1 1 0 0 1 0 1 0 1 0 0 1 1 0 1 1 0 1 0
 1 0 1]"
16,0.999992043823404,"[1 1 1 1 1 1 1 1 1 1 1 1 1 1 1 1 1 1 1 1 0 0 1 0 1 0 1 0 0 1 1 0 1 1 0 1 0
 1 0 1]"
16,0.9999943441760727,"[1 1 1 1 1 1 1 1 1 1 1 1 1 1 1 1 1 1 1 1 0 1 1 0 1 0 0 0 0 0 1 0 1 1 0 1 0
 1 0 1]"
16,0.9999968029215391,"[1 1 1 1 1 1 1 1 1 1 1 1 1 1 1 1 1 1 1 1 1 0 1 0 1 0 1 0 0 0 1 0 1 1 0 1 1
 1 0 0]"
16,0.999992034510245,"[1 1 1 1 1 1 1 1 1 1 1 1 1 1 1 1 1 1 1 1 0 0 1 0 1 0 1 0 0 0 1 0 1 1 0 1 0
 1 0 1]"
16,0.9999944186815019,"[1 1 1 1 1 1 1 1 1 1 1 1 1 1 1 1 1 1 1 1 0 1 1 0 1 0 1 0 0 0 1 0 1 1 0 1 0
 1 0 1]"
16,0.9806316938672572,"[1 1 1 1 1 1 1 1 0 1 1 1 1 1 1 1 1 1 1 1 0 0 1 0 1 0 1 0 0 0 1 0 1 1 0 1 1
 1 0 1]"
16,0.9999920369112938,"[1 1 1 1 1 1 1 1 1 1 1 1 1 1 1 1 1 1 1 1 0 0 1 0 1 0 1 0 0 0 1 1 1 1 0 1 1
 1 0 1]"
16,0.9999920345830041,"[1 1 1 1 1 1 1 1 1 1 1 1 1 1 1 1 1 1 1 1 0 0 1 0 1 0 1 0 0 0 1 0 1 1 0 1 1
 1 0 1]"
16,0.9993842377949446,"[1 1 1 1 1 1 1 1 1 1 1 1 1 0 1 1 1 1 1 1 0 1 1 0 1 0 1 0 0 0 1 0 1 1 0 1 0
 1 0 1]"
16,0.999992034510245,"[1 1 1 1 1 1 1 1 1 1 1 1 1 1 1 1 1 1 1 1 0 0 1 0 1 0 1 0 0 0 1 0 1 1 0 1 0
 1 0 1]"
16,0.999992034510245,"[1 1 1 1 1 1 1 1 1 1 1 1 1 1 1 1 1 1 1 1 0 0 1 0 1 0 1 0 0 0 1 0 1 1 0 1 0
 1 0 1]"
16,0.9999825071894554,"[1 1 1 1 1 1 1 1 1 1 1 1 1 1 1 1 1 1 1 0 0 0 1 0 1 0 1 0 0 1 1 0 1 1 0 1 0
 1 0 1]"
16,0.9999917458751132,"[1 1 1 1 1 1 1 1 1 1 1 1 1 1 1 1 1 1 1 1 0 0 1 0 0 0 1 0 0 1 1 0 1 1 0 1 1
 1 0 1]"
16,0.9999908423901556,"[1 1 1 1 1 1 1 1 1 1 1 1 1 1 1 1 1 1 1 1 0 0 0 0 1 0 1 0 0 0 1 0 1 1 0 1 0
 0 0 1]"
16,0.9999920299264246,"[1 1 1 1 1 1 1 1 1 1 1 1 1 1 1 1 1 1 1 1 0 0 1 0 1 0 1 0 0 0 0 0 1 1 0 1 1
 1 0 1]"
16,0.9999968029215391,"[1 1 1 1 1 1 1 1 1 1 1 1 1 1 1 1 1 1 1 1 1 0 1 0 1 0 1 0 0 0 1 0 1 1 0 1 1
 1 0 0]"
16,0.9999968028578746,"[1 1 1 1 1 1 1 1 1 1 1 1 1 1 1 1 1 1 1 1 1 0 1 0 1 0 1 0 0 0 1 0 1 1 0 1 0
 1 0 1]"
16,0.9999908448275813,"[1 1 1 1 1 1 1 1 1 1 1 1 1 1 1 1 1 1 1 1 0 0 0 0 1 0 1 0 0 0 1 1 1 1 0 1 1
 1 0 1]"
16,0.9999920438415938,"[1 1 1 1 1 1 1 1 1 1 1 1 1 1 1 1 1 1 1 1 0 0 1 0 1 0 1 0 0 1 1 0 1 1 0 1 0
 1 1 1]"
16,0.9999848820271696,"[1 1 1 1 1 1 1 1 1 1 1 1 1 1 1 1 1 1 1 0 0 1 1 0 1 0 1 0 0 0 1 0 1 1 0 1 0
 1 0 1]"
16,0.9999944186815019,"[1 1 1 1 1 1 1 1 1 1 1 1 1 1 1 1 1 1 1 1 0 1 1 0 1 0 1 0 0 0 1 0 1 1 0 1 0
 1 0 1]"
16,0.999992034437486,"[1 1 1 1 1 1 1 1 1 1 1 1 1 1 1 1 1 1 1 1 0 0 1 0 1 0 1 0 0 0 1 0 1 1 0 0 1
 1 0 1]"
16,0.9614632274898725,"[1 1 1 1 1 1 1 0 1 1 1 1 1 1 1 0 1 1 1 1 0 1 0 0 1 0 1 0 1 0 1 1 1 1 0 1 1
 1 1 1]"
16,0.9999991871121228,"[1 1 1 1 1 1 1 1 1 1 1 1 1 1 1 1 1 1 1 1 1 1 1 0 1 0 1 0 0 0 1 0 1 1 0 1 1
 1 0 1]"
16,0.9999920345830041,"[1 1 1 1 1 1 1 1 1 1 1 1 1 1 1 1 1 1 1 1 0 0 1 0 1 0 1 0 0 0 1 0 1 1 0 1 1
 1 0 1]"
16,0.9999944186815019,"[1 1 1 1 1 1 1 1 1 1 1 1 1 1 1 1 1 1 1 1 0 1 1 0 1 0 1 0 0 0 1 0 1 1 0 1 0
 1 0 1]"
16,0.9999991871121228,"[1 1 1 1 1 1 1 1 1 1 1 1 1 1 1 1 1 1 1 1 1 1 1 0 1 0 1 0 0 0 1 0 1 1 0 1 1
 1 0 1]"
16,0.24046378799080073,"[1 1 0 1 1 1 0 1 1 1 1 1 1 1 1 0 1 1 1 1 0 0 1 0 1 0 1 0 0 0 1 0 1 1 0 1 0
 1 0 1]"
16,0.9999991871121228,"[1 1 1 1 1 1 1 1 1 1 1 1 1 1 1 1 1 1 1 1 1 1 1 0 1 0 1 0 0 0 1 0 1 1 0 1 1
 1 0 1]"
16,0.26307461493983786,"[1 1 0 1 1 1 1 1 1 1 1 1 1 1 1 1 1 1 1 1 1 0 1 0 1 0 1 0 0 0 1 0 1 1 0 1 1
 1 0 1]"
16,0.9999944186815019,"[1 1 1 1 1 1 1 1 1 1 1 1 1 1 1 1 1 1 1 1 0 1 1 0 1 0 1 0 0 0 1 0 1 1 0 1 0
 1 0 1]"
16,0.9999920345830041,"[1 1 1 1 1 1 1 1 1 1 1 1 1 1 1 1 1 1 1 1 0 0 1 0 1 0 1 0 0 0 1 0 1 1 0 1 1
 1 0 1]"
16,0.9999944559524082,"[1 1 1 1 1 1 1 1 1 1 1 1 1 1 1 1 1 1 1 1 0 1 1 0 1 0 1 1 0 0 1 0 1 1 0 1 0
 1 1 1]"
16,0.9999944186815019,"[1 1 1 1 1 1 1 1 1 1 1 1 1 1 1 1 1 1 1 1 0 1 1 0 1 0 1 0 0 0 1 0 1 1 0 1 0
 1 0 1]"
16,0.9999920438143092,"[1 1 1 1 1 1 1 1 1 1 1 1 1 1 1 1 1 1 1 1 0 0 1 0 1 0 1 0 0 1 1 0 1 1 0 1 0
 1 0 0]"
16,0.9999991871121228,"[1 1 1 1 1 1 1 1 1 1 1 1 1 1 1 1 1 1 1 1 1 1 1 0 1 0 1 0 0 0 1 0 1 1 0 1 1
 1 0 1]"
16,0.9999968029215391,"[1 1 1 1 1 1 1 1 1 1 1 1 1 1 1 1 1 1 1 1 1 0 1 0 1 0 1 0 0 0 1 0 1 1 0 1 1
 1 0 0]"
16,0.9999920369112938,"[1 1 1 1 1 1 1 1 1 1 1 1 1 1 1 1 1 1 1 1 0 0 1 0 1 0 1 0 0 0 1 1 1 1 0 1 1
 1 0 1]"
16,0.924557731350375,"[1 1 1 1 1 1 0 1 1 1 1 1 1 1 1 1 1 1 1 1 0 0 1 0 1 0 1 0 1 0 1 0 1 1 0 1 0
 1 0 1]"
16,0.9999921835207987,"[1 1 1 1 1 1 1 1 1 1 1 1 1 1 1 1 1 1 1 1 0 0 1 0 1 1 1 0 0 0 1 0 1 1 0 1 0
 1 0 1]"
16,0.999996812243833,"[1 1 1 1 1 1 1 1 1 1 1 1 1 1 1 1 1 1 1 1 1 0 1 0 1 0 1 0 0 1 1 0 1 1 0 1 1
 1 0 1]"
16,0.9999783350106,"[1 1 1 1 1 1 1 1 1 1 1 1 1 1 1 1 1 1 0 1 1 0 1 1 1 0 1 0 0 1 1 0 1 1 0 1 1
 1 0 1]"
16,0.9975604630374391,"[1 1 1 1 1 1 1 1 1 1 1 0 1 1 1 1 1 1 1 1 1 1 1 0 1 0 1 0 0 0 1 0 1 1 0 1 0
 1 0 1]"
16,0.9999968215570321,"[1 1 1 1 1 1 1 1 1 1 1 1 1 1 1 1 1 1 1 1 1 0 1 0 1 0 1 0 1 0 1 0 1 1 0 1 1
 1 0 1]"
16,0.9999944186087427,"[1 1 1 1 1 1 1 1 1 1 1 1 1 1 1 1 1 1 1 1 0 1 1 0 1 0 1 0 0 0 1 0 1 1 0 0 1
 1 0 1]"
16,0.9999991894586174,"[1 1 1 1 1 1 1 1 1 1 1 1 1 1 1 1 1 1 1 1 1 1 1 0 1 0 1 0 0 0 1 1 1 1 0 1 1
 1 1 1]"
16,0.9999944560069776,"[1 1 1 1 1 1 1 1 1 1 1 1 1 1 1 1 1 1 1 1 0 1 1 0 1 0 1 1 0 0 1 0 1 1 0 1 1
 1 0 1]"
16,0.9999729613971187,"[1 1 1 1 1 1 1 1 1 1 1 1 1 1 1 1 1 1 0 1 0 0 1 0 1 0 1 0 0 0 1 0 1 1 0 1 1
 1 0 1]"
16,0.9999944210643661,"[1 1 1 1 1 1 1 1 1 1 1 1 1 1 1 1 1 1 1 1 0 1 1 0 1 0 1 0 0 0 1 1 1 1 0 1 1
 0 1 1]"
16,0.9998204249432933,"[1 1 1 1 1 1 1 1 1 1 1 1 1 1 1 0 1 1 0 1 0 0 1 0 1 0 1 1 0 0 1 0 1 1 0 1 1
 1 0 1]"
16,0.9999920531365631,"[1 1 1 1 1 1 1 1 1 1 1 1 1 1 1 1 1 1 1 1 0 0 1 0 1 0 1 0 1 0 1 0 1 1 0 1 0
 1 0 1]"
16,0.9999848820999282,"[1 1 1 1 1 1 1 1 1 1 1 1 1 1 1 1 1 1 1 0 0 1 1 0 1 0 1 0 0 0 1 0 1 1 0 1 1
 1 0 1]"
16,0.9999872662558377,"[1 1 1 1 1 1 1 1 1 1 1 1 1 1 1 1 1 1 1 0 1 0 1 0 1 0 1 0 0 0 1 0 1 1 0 1 1
 1 0 1]"
16,0.9999922022198784,"[1 1 1 1 1 1 1 1 1 1 1 1 1 1 1 1 1 1 1 1 0 0 1 0 1 1 1 0 1 0 1 0 1 1 0 1 1
 1 0 1]"
16,0.9999945676923753,"[1 1 1 1 1 1 1 1 1 1 1 1 1 1 1 1 1 1 1 1 0 1 1 0 1 1 1 0 0 0 1 0 1 1 0 1 0
 1 0 1]"
16,0.9999920369112938,"[1 1 1 1 1 1 1 1 1 1 1 1 1 1 1 1 1 1 1 1 0 0 1 0 1 0 1 0 0 0 1 1 1 1 0 1 1
 1 0 1]"
16,0.999956291253767,"[1 1 1 1 1 1 1 1 1 1 1 1 1 1 1 1 1 0 1 1 0 1 1 0 1 0 1 0 1 0 1 0 1 1 0 1 1
 1 0 1]"
16,0.9999944186815019,"[1 1 1 1 1 1 1 1 1 1 1 1 1 1 1 1 1 1 1 1 0 1 1 0 1 0 1 0 0 0 1 0 1 1 0 1 0
 1 0 1]"
16,0.999992043823404,"[1 1 1 1 1 1 1 1 1 1 1 1 1 1 1 1 1 1 1 1 0 0 1 0 1 0 1 0 0 1 1 0 1 1 0 1 0
 1 0 1]"
16,0.9999920345830041,"[1 1 1 1 1 1 1 1 1 1 1 1 1 1 1 1 1 1 1 1 0 0 1 0 1 0 1 0 0 0 1 0 1 1 0 1 1
 1 0 1]"
16,0.9245599356719116,"[1 1 1 1 1 1 0 1 1 1 1 1 1 1 1 1 1 1 1 1 0 1 1 0 1 0 1 0 0 0 1 0 1 1 0 1 0
 1 0 1]"
16,0.9999944175173545,"[1 1 1 1 1 1 1 1 1 1 1 1 1 1 1 1 1 1 1 1 0 1 1 0 1 0 1 0 0 0 1 0 0 1 0 1 0
 1 0 1]"
16,0.9999920345830041,"[1 1 1 1 1 1 1 1 1 1 1 1 1 1 1 1 1 1 1 1 0 0 1 0 1 0 1 0 0 0 1 0 1 1 0 1 1
 1 0 1]"
16,0.999992043823404,"[1 1 1 1 1 1 1 1 1 1 1 1 1 1 1 1 1 1 1 1 0 0 1 0 1 0 1 0 0 1 1 0 1 1 0 1 0
 1 0 1]"
16,0.9999920369112938,"[1 1 1 1 1 1 1 1 1 1 1 1 1 1 1 1 1 1 1 1 0 0 1 0 1 0 1 0 0 0 1 1 1 1 0 1 1
 1 0 1]"
16,0.9999944186815019,"[1 1 1 1 1 1 1 1 1 1 1 1 1 1 1 1 1 1 1 1 0 1 1 0 1 0 1 0 0 0 1 0 1 1 0 1 0
 1 0 1]"
16,0.9999919785585335,"[1 1 1 1 1 1 1 1 1 1 1 1 1 1 1 1 1 1 1 1 0 0 1 0 1 0 0 0 1 0 1 0 1 1 0 0 1
 1 0 1]"
16,0.05631291662918031,"[1 0 1 1 1 1 1 1 1 1 1 1 1 1 1 1 1 1 1 1 0 0 1 0 1 0 1 0 0 0 1 0 1 1 0 1 1
 1 0 1]"
16,0.9999991871121228,"[1 1 1 1 1 1 1 1 1 1 1 1 1 1 1 1 1 1 1 1 1 1 1 0 1 0 1 0 0 0 1 0 1 1 0 1 1
 1 0 1]"
16,0.05631309555069483,"[1 0 1 1 1 1 1 1 1 1 1 1 1 1 1 1 1 1 1 1 0 1 1 0 1 0 1 0 0 0 1 0 0 1 0 1 0
 1 0 1]"
16,0.9999920369112938,"[1 1 1 1 1 1 1 1 1 1 1 1 1 1 1 1 1 1 1 1 0 0 1 0 1 0 1 0 0 0 1 1 1 1 0 1 1
 1 0 1]"
16,0.9999920438415938,"[1 1 1 1 1 1 1 1 1 1 1 1 1 1 1 1 1 1 1 1 0 0 1 0 1 0 1 0 0 1 1 0 1 1 0 1 0
 1 1 1]"
16,0.999990851739684,"[1 1 1 1 1 1 1 1 1 1 1 1 1 1 1 1 1 1 1 1 0 0 0 0 1 0 1 0 0 1 1 0 1 1 0 1 0
 1 0 1]"
16,0.8542777296171381,"[1 1 1 1 1 0 1 1 1 1 1 1 1 1 1 1 1 1 1 0 0 1 1 0 1 0 1 0 0 0 1 0 1 1 0 1 0
 1 0 1]"
16,0.9999920345830041,"[1 1 1 1 1 1 1 1 1 1 1 1 1 1 1 1 1 1 1 1 0 0 1 0 1 0 1 0 0 0 1 0 1 1 0 1 1
 1 0 1]"
16,0.9245599444351026,"[1 1 1 1 1 1 0 1 1 1 1 1 1 1 1 1 1 1 1 1 0 1 1 0 1 0 1 0 0 1 1 0 1 1 0 1 1
 1 1 1]"
16,0.9999920368567246,"[1 1 1 1 1 1 1 1 1 1 1 1 1 1 1 1 1 1 1 1 0 0 1 0 1 0 1 0 0 0 1 1 1 1 0 1 0
 1 1 1]"
16,0.0009764724765045319,"[0 1 1 1 1 1 1 1 1 1 1 1 1 1 1 1 1 0 1 1 0 0 1 0 1 0 1 0 1 0 1 0 1 1 0 0 1
 1 0 1]"
16,0.9999920345830041,"[1 1 1 1 1 1 1 1 1 1 1 1 1 1 1 1 1 1 1 1 0 0 1 0 1 0 1 0 0 0 1 0 1 1 0 1 1
 1 0 1]"
16,0.9999944186815019,"[1 1 1 1 1 1 1 1 1 1 1 1 1 1 1 1 1 1 1 1 0 1 1 0 1 0 1 0 0 0 1 0 1 1 0 1 0
 1 0 1]"
16,0.9999920345739092,"[1 1 1 1 1 1 1 1 1 1 1 1 1 1 1 1 1 1 1 1 0 0 1 0 1 0 1 0 0 0 1 0 1 1 0 1 1
 1 0 0]"
step,fitness,genome
17,0.9999944211007457,"[1 1 1 1 1 1 1 1 1 1 1 1 1 1 1 1 1 1 1 1 0 1 1 0 1 0 1 0 0 0 1 1 1 1 0 1 1
 1 1 1]"
17,0.9999944559342184,"[1 1 1 1 1 1 1 1 1 1 1 1 1 1 1 1 1 1 1 1 0 1 1 0 1 0 1 1 0 0 1 0 1 1 0 1 0
 1 0 1]"
17,0.8541515639566701,"[1 1 1 1 1 0 1 1 1 1 1 1 1 1 1 0 1 1 1 1 0 0 1 0 1 0 1 1 0 1 1 0 1 1 0 1 0
 1 0 1]"
17,0.9999943441942625,"[1 1 1 1 1 1 1 1 1 1 1 1 1 1 1 1 1 1 1 1 0 1 1 0 1 0 0 0 0 0 1 0 1 1 0 1 0
 1 1 1]"
17,0.9806316938583209,"[1 1 1 1 1 1 1 1 0 1 1 1 1 1 1 1 1 1 1 1 0 0 1 0 1 0 1 0 0 0 1 0 1 1 0 1 1
 1 0 0]"
17,0.9999968215570321,"[1 1 1 1 1 1 1 1 1 1 1 1 1 1 1 1 1 1 1 1 1 0 1 0 1 0 1 0 1 0 1 0 1 1 0 1 1
 1 0 1]"
17,0.9999968215570321,"[1 1 1 1 1 1 1 1 1 1 1 1 1 1 1 1 1 1 1 1 1 0 1 0 1 0 1 0 1 0 1 0 1 1 0 1 1
 1 0 1]"
17,0.9999968029215391,"[1 1 1 1 1 1 1 1 1 1 1 1 1 1 1 1 1 1 1 1 1 0 1 0 1 0 1 0 0 0 1 0 1 1 0 1 1
 1 0 0]"
17,0.9999944560069776,"[1 1 1 1 1 1 1 1 1 1 1 1 1 1 1 1 1 1 1 1 0 1 1 0 1 0 1 1 0 0 1 0 1 1 0 1 1
 1 0 1]"
17,0.9999944211007457,"[1 1 1 1 1 1 1 1 1 1 1 1 1 1 1 1 1 1 1 1 0 1 1 0 1 0 1 0 0 0 1 1 1 1 0 1 1
 1 1 1]"
17,0.9999931520898847,"[1 1 1 1 1 1 1 1 1 1 1 1 1 1 1 1 1 1 1 1 0 1 0 0 1 0 0 0 0 0 1 0 1 1 0 1 0
 1 0 1]"
17,0.9999921835207987,"[1 1 1 1 1 1 1 1 1 1 1 1 1 1 1 1 1 1 1 1 0 0 1 0 1 1 1 0 0 0 1 0 1 1 0 1 0
 1 0 1]"
17,0.9999921835207987,"[1 1 1 1 1 1 1 1 1 1 1 1 1 1 1 1 1 1 1 1 0 0 1 0 1 1 1 0 0 0 1 0 1 1 0 1 0
 1 0 1]"
17,0.9999944570983658,"[1 1 1 1 1 1 1 1 1 1 1 1 1 1 1 1 1 1 1 1 0 1 1 0 1 0 1 1 0 0 1 1 0 1 0 1 0
 1 0 1]"
17,0.9999991871121228,"[1 1 1 1 1 1 1 1 1 1 1 1 1 1 1 1 1 1 1 1 1 1 1 0 1 0 1 0 0 0 1 0 1 1 0 1 1
 1 0 1]"
17,0.9999973989027672,"[1 1 1 1 1 1 1 1 1 1 1 1 1 1 1 1 1 1 1 1 1 0 1 1 1 0 1 0 0 0 1 0 1 1 0 1 0
 1 0 1]"
17,0.999992043823404,"[1 1 1 1 1 1 1 1 1 1 1 1 1 1 1 1 1 1 1 1 0 0 1 0 1 0 1 0 0 1 1 0 1 1 0 1 0
 1 0 1]"
17,0.9999920532093222,"[1 1 1 1 1 1 1 1 1 1 1 1 1 1 1 1 1 1 1 1 0 0 1 0 1 0 1 0 1 0 1 0 1 1 0 1 1
 1 0 1]"
17,0.9999991871121228,"[1 1 1 1 1 1 1 1 1 1 1 1 1 1 1 1 1 1 1 1 1 1 1 0 1 0 1 0 0 0 1 0 1 1 0 1 1
 1 0 1]"
17,0.9999944186815019,"[1 1 1 1 1 1 1 1 1 1 1 1 1 1 1 1 1 1 1 1 0 1 1 0 1 0 1 0 0 0 1 0 1 1 0 1 0
 1 0 1]"
17,0.9987773690316385,"[1 1 1 1 1 1 1 1 1 1 1 1 0 1 1 1 1 1 1 1 1 0 1 1 1 0 1 0 0 0 1 0 1 1 0 1 1
 1 0 0]"
17,0.9999968028578746,"[1 1 1 1 1 1 1 1 1 1 1 1 1 1 1 1 1 1 1 1 1 0 1 0 1 0 1 0 0 0 1 0 1 1 0 1 0
 1 0 1]"
17,0.9999991871121228,"[1 1 1 1 1 1 1 1 1 1 1 1 1 1 1 1 1 1 1 1 1 1 1 0 1 0 1 0 0 0 1 0 1 1 0 1 1
 1 0 1]"
17,0.9902763683171272,"[1 1 1 1 1 1 1 1 1 0 1 1 1 1 1 1 1 1 1 1 1 1 1 0 1 0 1 0 0 0 0 0 1 1 0 1 0
 1 0 1]"
17,0.9999991964253417,"[1 1 1 1 1 1 1 1 1 1 1 1 1 1 1 1 1 1 1 1 1 1 1 0 1 0 1 0 0 1 1 0 1 1 0 1 1
 1 0 1]"
17,0.999996802930634,"[1 1 1 1 1 1 1 1 1 1 1 1 1 1 1 1 1 1 1 1 1 0 1 0 1 0 1 0 0 0 1 0 1 1 0 1 1
 1 0 1]"
17,0.9999944559524082,"[1 1 1 1 1 1 1 1 1 1 1 1 1 1 1 1 1 1 1 1 0 1 1 0 1 0 1 1 0 0 1 0 1 1 0 1 0
 1 1 1]"
17,0.9999968029215391,"[1 1 1 1 1 1 1 1 1 1 1 1 1 1 1 1 1 1 1 1 1 0 1 0 1 0 1 0 0 0 1 0 1 1 0 1 1
 1 0 0]"
17,0.9999943441760727,"[1 1 1 1 1 1 1 1 1 1 1 1 1 1 1 1 1 1 1 1 0 1 1 0 1 0 0 0 0 0 1 0 1 1 0 1 0
 1 0 1]"
17,0.9999944186815019,"[1 1 1 1 1 1 1 1 1 1 1 1 1 1 1 1 1 1 1 1 0 1 1 0 1 0 1 0 0 0 1 0 1 1 0 1 0
 1 0 1]"
17,0.9999920369112938,"[1 1 1 1 1 1 1 1 1 1 1 1 1 1 1 1 1 1 1 1 0 0 1 0 1 0 1 0 0 0 1 1 1 1 0 1 1
 1 0 1]"
17,0.9999968215570321,"[1 1 1 1 1 1 1 1 1 1 1 1 1 1 1 1 1 1 1 1 1 0 1 0 1 0 1 0 1 0 1 0 1 1 0 1 1
 1 0 1]"
17,0.9999991871121228,"[1 1 1 1 1 1 1 1 1 1 1 1 1 1 1 1 1 1 1 1 1 1 1 0 1 0 1 0 0 0 1 0 1 1 0 1 1
 1 0 1]"
17,0.999992043823404,"[1 1 1 1 1 1 1 1 1 1 1 1 1 1 1 1 1 1 1 1 0 0 1 0 1 0 1 0 0 1 1 0 1 1 0 1 0
 1 0 1]"
17,0.9999968029215391,"[1 1 1 1 1 1 1 1 1 1 1 1 1 1 1 1 1 1 1 1 1 0 1 0 1 0 1 0 0 0 1 0 1 1 0 1 1
 1 0 0]"
17,0.9999968029215391,"[1 1 1 1 1 1 1 1 1 1 1 1 1 1 1 1 1 1 1 1 1 0 1 0 1 0 1 0 0 0 1 0 1 1 0 1 1
 1 0 0]"
17,0.9999944164441562,"[1 1 1 1 1 1 1 1 1 1 1 1 1 1 1 1 1 1 1 1 0 1 1 0 1 0 1 0 0 0 0 1 1 1 0 1 1
 1 1 1]"
17,0.9999944562434451,"[1 1 1 1 1 1 1 1 1 1 1 1 1 1 1 1 1 1 1 1 0 1 1 0 1 0 1 1 0 0 1 0 1 1 1 1 0
 1 1 1]"
17,0.9999914384682301,"[1 1 1 1 1 1 1 1 1 1 1 1 1 1 1 1 1 1 1 1 0 0 0 1 1 0 1 0 0 0 1 0 1 1 0 1 0
 1 0 1]"
17,0.9902740096876435,"[1 1 1 1 1 1 1 1 1 0 1 1 1 1 1 1 1 1 1 1 1 0 1 0 1 0 1 0 0 0 1 0 1 1 0 1 1
 1 0 0]"
17,0.9999968028578746,"[1 1 1 1 1 1 1 1 1 1 1 1 1 1 1 1 1 1 1 1 1 0 1 0 1 0 1 0 0 0 1 0 1 1 0 1 0
 1 0 1]"
17,0.999992043823404,"[1 1 1 1 1 1 1 1 1 1 1 1 1 1 1 1 1 1 1 1 0 0 1 0 1 0 1 0 0 1 1 0 1 1 0 1 0
 1 0 1]"
17,0.9999944186087427,"[1 1 1 1 1 1 1 1 1 1 1 1 1 1 1 1 1 1 1 1 0 1 1 0 1 0 1 0 0 0 1 0 1 1 0 0 1
 1 0 1]"
17,0.5244573527225841,"[1 1 1 0 1 1 1 1 1 1 1 1 1 1 1 1 1 1 1 1 0 1 1 0 1 0 1 0 0 0 1 0 1 1 0 1 0
 1 0 1]"
17,0.9999944175173545,"[1 1 1 1 1 1 1 1 1 1 1 1 1 1 1 1 1 1 1 1 0 1 1 0 1 0 1 0 0 0 1 0 0 1 0 1 0
 1 0 1]"
17,0.9999991871121228,"[1 1 1 1 1 1 1 1 1 1 1 1 1 1 1 1 1 1 1 1 1 1 1 0 1 0 1 0 0 0 1 0 1 1 0 1 1
 1 0 1]"
17,0.9999922022198784,"[1 1 1 1 1 1 1 1 1 1 1 1 1 1 1 1 1 1 1 1 0 0 1 0 1 1 1 0 1 0 1 0 1 1 0 1 1
 1 0 1]"
17,0.999996812243833,"[1 1 1 1 1 1 1 1 1 1 1 1 1 1 1 1 1 1 1 1 1 0 1 0 1 0 1 0 0 1 1 0 1 1 0 1 1
 1 0 1]"
17,0.9999944186815019,"[1 1 1 1 1 1 1 1 1 1 1 1 1 1 1 1 1 1 1 1 0 1 1 0 1 0 1 0 0 0 1 0 1 1 0 1 0
 1 0 1]"
17,0.9999920369112938,"[1 1 1 1 1 1 1 1 1 1 1 1 1 1 1 1 1 1 1 1 0 0 1 0 1 0 1 0 0 0 1 1 1 1 0 1 1
 1 0 1]"
17,0.9999944560069776,"[1 1 1 1 1 1 1 1 1 1 1 1 1 1 1 1 1 1 1 1 0 1 1 0 1 0 1 1 0 0 1 0 1 1 0 1 1
 1 0 1]"
17,0.9999944211007457,"[1 1 1 1 1 1 1 1 1 1 1 1 1 1 1 1 1 1 1 1 0 1 1 0 1 0 1 0 0 0 1 1 1 1 0 1 1
 1 1 1]"
17,0.9999991871121228,"[1 1 1 1 1 1 1 1 1 1 1 1 1 1 1 1 1 1 1 1 1 1 1 0 1 0 1 0 0 0 1 0 1 1 0 1 1
 1 0 1]"
17,0.9975533285503239,"[1 1 1 1 1 1 1 1 1 1 1 0 1 1 1 1 1 1 1 1 0 0 1 0 1 0 1 0 0 0 1 1 1 1 0 1 0
 1 1 1]"
17,0.999992043823404,"[1 1 1 1 1 1 1 1 1 1 1 1 1 1 1 1 1 1 1 1 0 0 1 0 1 0 1 0 0 1 1 0 1 1 0 1 0
 1 0 1]"
17,0.9999920531365631,"[1 1 1 1 1 1 1 1 1 1 1 1 1 1 1 1 1 1 1 1 0 0 1 0 1 0 1 0 1 0 1 0 1 1 0 1 0
 1 0 1]"
17,0.99027164632118,"[1 1 1 1 1 1 1 1 1 0 1 1 1 1 1 1 1 1 1 1 0 1 1 0 1 0 1 0 0 0 1 0 1 1 0 1 0
 1 0 1]"
17,0.999992043823404,"[1 1 1 1 1 1 1 1 1 1 1 1 1 1 1 1 1 1 1 1 0 0 1 0 1 0 1 0 0 1 1 0 1 1 0 1 0
 1 0 1]"
17,0.9999920437870246,"[1 1 1 1 1 1 1 1 1 1 1 1 1 1 1 1 1 1 1 1 0 0 1 0 1 0 1 0 0 1 1 0 1 1 0 1 0
 0 0 1]"
17,0.9999920810760409,"[1 1 1 1 1 1 1 1 1 1 1 1 1 1 1 1 1 1 1 1 0 0 1 0 1 0 1 1 0 1 1 0 1 1 0 1 0
 1 0 1]"
17,0.9999968494238703,"[1 1 1 1 1 1 1 1 1 1 1 1 1 1 1 1 1 1 1 1 1 0 1 0 1 0 1 1 0 1 1 0 1 1 0 1 0
 1 0 1]"
17,0.9999926305525796,"[1 1 1 1 1 1 1 1 1 1 1 1 1 1 1 1 1 1 1 1 0 0 1 1 1 0 1 0 0 0 1 0 1 1 0 1 0
 1 0 1]"
17,0.5243706748768303,"[1 1 1 0 1 1 1 1 1 1 1 1 1 1 1 0 1 1 1 1 0 0 1 0 1 0 1 0 1 0 1 0 1 1 0 1 0
 1 0 1]"
17,0.9999944186815019,"[1 1 1 1 1 1 1 1 1 1 1 1 1 1 1 1 1 1 1 1 0 1 1 0 1 0 1 0 0 0 1 0 1 1 0 1 0
 1 0 1]"
17,0.9999922021471194,"[1 1 1 1 1 1 1 1 1 1 1 1 1 1 1 1 1 1 1 1 0 0 1 0 1 1 1 0 1 0 1 0 1 1 0 1 0
 1 0 1]"
17,0.9999944169352808,"[1 1 1 1 1 1 1 1 1 1 1 1 1 1 1 1 1 1 1 1 0 1 1 0 1 0 1 0 0 0 1 0 0 0 0 1 0
 1 0 1]"
17,0.9996869493756292,"[1 1 1 1 1 1 1 1 1 1 1 1 1 1 0 1 1 1 1 1 0 0 1 0 1 0 1 1 0 1 1 0 1 1 0 1 0
 1 0 1]"
17,0.9999945676923753,"[1 1 1 1 1 1 1 1 1 1 1 1 1 1 1 1 1 1 1 1 0 1 1 0 1 1 1 0 0 0 1 0 1 1 0 1 0
 1 0 1]"
17,0.9999944186815019,"[1 1 1 1 1 1 1 1 1 1 1 1 1 1 1 1 1 1 1 1 0 1 1 0 1 0 1 0 0 0 1 0 1 1 0 1 0
 1 0 1]"
17,0.9999991870393633,"[1 1 1 1 1 1 1 1 1 1 1 1 1 1 1 1 1 1 1 1 1 1 1 0 1 0 1 0 0 0 1 0 1 1 0 1 0
 1 0 1]"
17,0.9999945676923753,"[1 1 1 1 1 1 1 1 1 1 1 1 1 1 1 1 1 1 1 1 0 1 1 0 1 1 1 0 0 0 1 0 1 1 0 1 0
 1 0 1]"
17,0.9998442352679057,"[1 1 1 1 1 1 1 1 1 1 1 1 1 1 1 0 1 1 1 1 1 0 1 0 1 0 1 0 0 1 1 0 1 1 0 1 1
 1 0 1]"
17,0.999992043823404,"[1 1 1 1 1 1 1 1 1 1 1 1 1 1 1 1 1 1 1 1 0 0 1 0 1 0 1 0 0 1 1 0 1 1 0 1 0
 1 0 1]"
17,0.999996812243833,"[1 1 1 1 1 1 1 1 1 1 1 1 1 1 1 1 1 1 1 1 1 0 1 0 1 0 1 0 0 1 1 0 1 1 0 1 1
 1 0 1]"
17,0.9999973989027672,"[1 1 1 1 1 1 1 1 1 1 1 1 1 1 1 1 1 1 1 1 1 0 1 1 1 0 1 0 0 0 1 0 1 1 0 1 0
 1 0 1]"
17,0.999992043823404,"[1 1 1 1 1 1 1 1 1 1 1 1 1 1 1 1 1 1 1 1 0 0 1 0 1 0 1 0 0 1 1 0 1 1 0 1 0
 1 0 1]"
17,0.9999943441760727,"[1 1 1 1 1 1 1 1 1 1 1 1 1 1 1 1 1 1 1 1 0 1 1 0 1 0 0 0 0 0 1 0 1 1 0 1 0
 1 0 1]"
17,0.9999968029215391,"[1 1 1 1 1 1 1 1 1 1 1 1 1 1 1 1 1 1 1 1 1 0 1 0 1 0 1 0 0 0 1 0 1 1 0 1 1
 1 0 0]"
17,0.9999944186815019,"[1 1 1 1 1 1 1 1 1 1 1 1 1 1 1 1 1 1 1 1 0 1 1 0 1 0 1 0 0 0 1 0 1 1 0 1 0
 1 0 1]"
17,0.9999991894586174,"[1 1 1 1 1 1 1 1 1 1 1 1 1 1 1 1 1 1 1 1 1 1 1 0 1 0 1 0 0 0 1 1 1 1 0 1 1
 1 1 1]"
17,0.9999944211007457,"[1 1 1 1 1 1 1 1 1 1 1 1 1 1 1 1 1 1 1 1 0 1 1 0 1 0 1 0 0 0 1 1 1 1 0 1 1
 1 1 1]"
17,0.9999944175173545,"[1 1 1 1 1 1 1 1 1 1 1 1 1 1 1 1 1 1 1 1 0 1 1 0 1 0 1 0 0 0 1 0 0 1 0 1 0
 1 0 1]"
17,0.056312928511375496,"[1 0 1 1 1 1 1 1 1 1 1 1 1 1 1 1 1 1 1 1 0 0 1 0 1 1 1 0 0 1 1 0 1 1 0 1 0
 1 0 1]"
17,0.9999968032125766,"[1 1 1 1 1 1 1 1 1 1 1 1 1 1 1 1 1 1 1 1 1 0 1 0 1 0 1 0 0 0 1 0 1 1 1 1 1
 1 0 0]"
17,0.0009765515990058057,"[0 1 1 1 1 1 1 1 1 1 1 1 1 1 1 1 1 1 1 1 0 1 1 0 1 0 1 0 0 0 1 0 1 1 0 1 0
 1 0 1]"
17,0.9996893259274517,"[1 1 1 1 1 1 1 1 1 1 1 1 1 1 0 1 1 1 1 1 0 1 1 0 1 0 1 1 0 0 1 1 1 1 0 1 0
 1 1 1]"
17,0.9616139551949442,"[1 1 1 1 1 1 1 0 1 1 1 1 1 1 1 1 1 1 1 1 1 0 1 0 1 0 1 0 0 0 1 0 1 1 0 1 1
 1 0 0]"
17,0.9999991871303127,"[1 1 1 1 1 1 1 1 1 1 1 1 1 1 1 1 1 1 1 1 1 1 1 0 1 0 1 0 0 0 1 0 1 1 0 1 1
 1 1 1]"
17,0.999996802930634,"[1 1 1 1 1 1 1 1 1 1 1 1 1 1 1 1 1 1 1 1 1 0 1 0 1 0 1 0 0 0 1 0 1 1 0 1 1
 1 0 1]"
17,0.9999968028487797,"[1 1 1 1 1 1 1 1 1 1 1 1 1 1 1 1 1 1 1 1 1 0 1 0 1 0 1 0 0 0 1 0 1 1 0 1 0
 1 0 0]"
17,0.999975496882209,"[1 1 1 1 1 1 1 1 1 1 1 1 1 1 1 1 1 1 0 1 0 1 1 0 1 1 1 0 0 0 1 1 1 1 0 1 1
 1 1 1]"
17,0.999992043823404,"[1 1 1 1 1 1 1 1 1 1 1 1 1 1 1 1 1 1 1 1 0 0 1 0 1 0 1 0 0 1 1 0 1 1 0 1 0
 1 0 1]"
17,0.9999944211007457,"[1 1 1 1 1 1 1 1 1 1 1 1 1 1 1 1 1 1 1 1 0 1 1 0 1 0 1 0 0 0 1 1 1 1 0 1 1
 1 1 1]"
17,0.99999443730786,"[1 1 1 1 1 1 1 1 1 1 1 1 1 1 1 1 1 1 1 1 0 1 1 0 1 0 1 0 1 0 1 0 1 1 0 1 0
 1 0 1]"
17,0.9245621574313722,"[1 1 1 1 1 1 0 1 1 1 1 1 1 1 1 1 1 1 1 1 1 0 1 0 1 0 1 0 0 0 1 0 1 1 0 1 1
 1 1 0]"
17,0.9999944210097966,"[1 1 1 1 1 1 1 1 1 1 1 1 1 1 1 1 1 1 1 1 0 1 1 0 1 0 1 0 0 0 1 1 1 1 0 1 0
 1 0 1]"
17,0.9999944211007457,"[1 1 1 1 1 1 1 1 1 1 1 1 1 1 1 1 1 1 1 1 0 1 1 0 1 0 1 0 0 0 1 1 1 1 0 1 1
 1 1 1]"
17,0.9999968029215391,"[1 1 1 1 1 1 1 1 1 1 1 1 1 1 1 1 1 1 1 1 1 0 1 0 1 0 1 0 0 0 1 0 1 1 0 1 1
 1 0 0]"
17,0.5244561023143249,"[1 1 1 0 1 1 1 1 1 1 1 1 1 1 1 1 1 1 1 1 0 0 1 0 1 1 1 0 0 0 1 0 1 1 0 1 0
 1 0 0]"
17,0.999996802930634,"[1 1 1 1 1 1 1 1 1 1 1 1 1 1 1 1 1 1 1 1 1 0 1 0 1 0 1 0 0 0 1 0 1 1 0 1 1
 1 0 1]"
step,fitness,genome
18,0.9999968032125766,"[1 1 1 1 1 1 1 1 1 1 1 1 1 1 1 1 1 1 1 1 1 0 1 0 1 0 1 0 0 0 1 0 1 1 1 1 1
 1 0 0]"
18,0.9999968032125766,"[1 1 1 1 1 1 1 1 1 1 1 1 1 1 1 1 1 1 1 1 1 0 1 0 1 0 1 0 0 0 1 0 1 1 1 1 1
 1 0 0]"
18,0.9999988890163974,"[1 1 1 1 1 1 1 1 1 1 1 1 1 1 1 1 1 1 1 1 1 1 1 0 0 0 1 0 0 0 1 0 1 1 0 1 0
 1 0 1]"
18,0.9999991964253417,"[1 1 1 1 1 1 1 1 1 1 1 1 1 1 1 1 1 1 1 1 1 1 1 0 1 0 1 0 0 1 1 0 1 1 0 1 1
 1 0 1]"
18,0.9999965235347007,"[1 1 1 1 1 1 1 1 1 1 1 1 1 1 1 1 1 1 1 1 1 0 1 0 0 0 1 0 1 0 1 0 1 1 0 1 1
 1 0 1]"
18,0.999996802930634,"[1 1 1 1 1 1 1 1 1 1 1 1 1 1 1 1 1 1 1 1 1 0 1 0 1 0 1 0 0 0 1 0 1 1 0 1 1
 1 0 1]"
18,0.9999991824555133,"[1 1 1 1 1 1 1 1 1 1 1 1 1 1 1 1 1 1 1 1 1 1 1 0 1 0 1 0 0 0 0 0 1 1 0 1 1
 1 0 1]"
18,0.9999991964253417,"[1 1 1 1 1 1 1 1 1 1 1 1 1 1 1 1 1 1 1 1 1 1 1 0 1 0 1 0 0 1 1 0 1 1 0 1 1
 1 0 1]"
18,0.9999991824555133,"[1 1 1 1 1 1 1 1 1 1 1 1 1 1 1 1 1 1 1 1 1 1 1 0 1 0 1 0 0 0 0 0 1 1 0 1 1
 1 0 1]"
18,0.9999991871121228,"[1 1 1 1 1 1 1 1 1 1 1 1 1 1 1 1 1 1 1 1 1 1 1 0 1 0 1 0 0 0 1 0 1 1 0 1 1
 1 0 1]"
18,0.9806369646256178,"[1 1 1 1 1 1 1 1 0 1 1 1 1 1 1 1 1 1 1 1 1 0 1 1 1 0 1 0 0 0 1 0 1 1 0 1 0
 1 0 1]"
18,0.9999944560069776,"[1 1 1 1 1 1 1 1 1 1 1 1 1 1 1 1 1 1 1 1 0 1 1 0 1 0 1 1 0 0 1 0 1 1 0 1 1
 1 0 1]"
18,0.9806363813268424,"[1 1 1 1 1 1 1 1 0 1 1 1 1 1 1 1 1 1 1 1 1 0 1 0 1 0 1 0 0 0 1 1 1 1 0 1 1
 1 0 0]"
18,0.9999945676923753,"[1 1 1 1 1 1 1 1 1 1 1 1 1 1 1 1 1 1 1 1 0 1 1 0 1 1 1 0 0 0 1 0 1 1 0 1 0
 1 0 1]"
18,0.9902740281599862,"[1 1 1 1 1 1 1 1 1 0 1 1 1 1 1 1 1 1 1 1 1 0 1 0 1 0 1 0 1 0 1 0 1 1 0 1 1
 1 0 1]"
18,0.9999991871121228,"[1 1 1 1 1 1 1 1 1 1 1 1 1 1 1 1 1 1 1 1 1 1 1 0 1 0 1 0 0 0 1 0 1 1 0 1 1
 1 0 1]"
18,0.9999945676923753,"[1 1 1 1 1 1 1 1 1 1 1 1 1 1 1 1 1 1 1 1 0 1 1 0 1 1 1 0 0 0 1 0 1 1 0 1 0
 1 0 1]"
18,0.9999968029215391,"[1 1 1 1 1 1 1 1 1 1 1 1 1 1 1 1 1 1 1 1 1 0 1 0 1 0 1 0 0 0 1 0 1 1 0 1 1
 1 0 0]"
18,0.9999944562434451,"[1 1 1 1 1 1 1 1 1 1 1 1 1 1 1 1 1 1 1 1 0 1 1 0 1 0 1 1 0 0 1 0 1 1 1 1 0
 1 1 1]"
18,0.9999991871121228,"[1 1 1 1 1 1 1 1 1 1 1 1 1 1 1 1 1 1 1 1 1 1 1 0 1 0 1 0 0 0 1 0 1 1 0 1 1
 1 0 1]"
18,0.999992043823404,"[1 1 1 1 1 1 1 1 1 1 1 1 1 1 1 1 1 1 1 1 0 0 1 0 1 0 1 0 0 1 1 0 1 1 0 1 0
 1 0 1]"
18,0.9999991964253417,"[1 1 1 1 1 1 1 1 1 1 1 1 1 1 1 1 1 1 1 1 1 1 1 0 1 0 1 0 0 1 1 0 1 1 0 1 1
 1 0 1]"
18,0.9999944186815019,"[1 1 1 1 1 1 1 1 1 1 1 1 1 1 1 1 1 1 1 1 0 1 1 0 1 0 1 0 0 0 1 0 1 1 0 1 0
 1 0 1]"
18,0.9999991871121228,"[1 1 1 1 1 1 1 1 1 1 1 1 1 1 1 1 1 1 1 1 1 1 1 0 1 0 1 0 0 0 1 0 1 1 0 1 1
 1 0 1]"
18,0.9999991871121228,"[1 1 1 1 1 1 1 1 1 1 1 1 1 1 1 1 1 1 1 1 1 1 1 0 1 0 1 0 0 0 1 0 1 1 0 1 1
 1 0 1]"
18,0.9999991871121228,"[1 1 1 1 1 1 1 1 1 1 1 1 1 1 1 1 1 1 1 1 1 1 1 0 1 0 1 0 0 0 1 0 1 1 0 1 1
 1 0 1]"
18,0.9999991964253417,"[1 1 1 1 1 1 1 1 1 1 1 1 1 1 1 1 1 1 1 1 1 1 1 0 1 0 1 0 0 1 1 0 1 1 0 1 1
 1 0 1]"
18,0.9999991871121228,"[1 1 1 1 1 1 1 1 1 1 1 1 1 1 1 1 1 1 1 1 1 1 1 0 1 0 1 0 0 0 1 0 1 1 0 1 1
 1 0 1]"
18,0.9999943815015458,"[1 1 1 1 1 1 1 1 1 1 1 1 1 1 1 1 1 1 1 1 0 1 1 0 1 0 0 1 0 0 1 0 1 1 0 1 1
 1 0 1]"
18,0.9999968215570321,"[1 1 1 1 1 1 1 1 1 1 1 1 1 1 1 1 1 1 1 1 1 0 1 0 1 0 1 0 1 0 1 0 1 1 0 1 1
 1 0 1]"
18,0.999996802930634,"[1 1 1 1 1 1 1 1 1 1 1 1 1 1 1 1 1 1 1 1 1 0 1 0 1 0 1 0 0 0 1 0 1 1 0 1 1
 1 0 1]"
18,0.9999991871121228,"[1 1 1 1 1 1 1 1 1 1 1 1 1 1 1 1 1 1 1 1 1 1 1 0 1 0 1 0 0 0 1 0 1 1 0 1 1
 1 0 1]"
18,0.9999993360508762,"[1 1 1 1 1 1 1 1 1 1 1 1 1 1 1 1 1 1 1 1 1 1 1 0 1 1 1 0 0 0 1 0 1 1 0 1 0
 1 0 1]"
18,0.9999967985559771,"[1 1 1 1 1 1 1 1 1 1 1 1 1 1 1 1 1 1 1 1 1 0 1 0 1 0 1 0 0 0 0 0 1 1 1 1 1
 1 0 0]"
18,0.9999991871121228,"[1 1 1 1 1 1 1 1 1 1 1 1 1 1 1 1 1 1 1 1 1 1 1 0 1 0 1 0 0 0 1 0 1 1 0 1 1
 1 0 1]"
18,0.9999973989027672,"[1 1 1 1 1 1 1 1 1 1 1 1 1 1 1 1 1 1 1 1 1 0 1 1 1 0 1 0 0 0 1 0 1 1 0 1 0
 1 0 1]"
18,0.9999991871121228,"[1 1 1 1 1 1 1 1 1 1 1 1 1 1 1 1 1 1 1 1 1 1 1 0 1 0 1 0 0 0 1 0 1 1 0 1 1
 1 0 1]"
18,0.9987767922562903,"[1 1 1 1 1 1 1 1 1 1 1 1 0 1 1 1 1 1 1 1 1 0 1 0 1 0 1 0 1 0 1 0 1 1 0 1 1
 1 0 1]"
18,0.9999968028487797,"[1 1 1 1 1 1 1 1 1 1 1 1 1 1 1 1 1 1 1 1 1 0 1 0 1 0 1 0 0 0 1 0 1 1 0 1 0
 1 0 0]"
18,0.05631309563810433,"[1 0 1 1 1 1 1 1 1 1 1 1 1 1 1 1 1 1 1 1 0 1 1 0 1 0 1 0 0 0 1 0 1 1 0 1 0
 1 0 1]"
18,0.9999991865300466,"[1 1 1 1 1 1 1 1 1 1 1 1 1 1 1 1 1 1 1 1 1 1 1 0 1 0 1 0 0 0 1 0 1 0 0 1 1
 1 0 1]"
18,0.5244586865245395,"[1 1 1 0 1 1 1 1 1 1 1 1 1 1 1 1 1 1 1 1 1 0 1 0 1 0 1 0 0 0 1 0 1 1 0 1 1
 1 0 0]"
18,0.9999991871121228,"[1 1 1 1 1 1 1 1 1 1 1 1 1 1 1 1 1 1 1 1 1 1 1 0 1 0 1 0 0 0 1 0 1 1 0 1 1
 1 0 1]"
18,0.9999968404744679,"[1 1 1 1 1 1 1 1 1 1 1 1 1 1 1 1 1 1 1 1 1 0 1 0 1 0 1 1 0 0 1 0 1 1 1 1 1
 1 0 1]"
18,0.9999968029215391,"[1 1 1 1 1 1 1 1 1 1 1 1 1 1 1 1 1 1 1 1 1 0 1 0 1 0 1 0 0 0 1 0 1 1 0 1 1
 1 0 0]"
18,0.9999968214115134,"[1 1 1 1 1 1 1 1 1 1 1 1 1 1 1 1 1 1 1 1 1 0 1 0 1 0 1 0 1 0 1 0 1 1 0 0 1
 1 0 1]"
18,0.9999944211007457,"[1 1 1 1 1 1 1 1 1 1 1 1 1 1 1 1 1 1 1 1 0 1 1 0 1 0 1 0 0 0 1 1 1 1 0 1 1
 1 1 1]"
18,0.9999968028578746,"[1 1 1 1 1 1 1 1 1 1 1 1 1 1 1 1 1 1 1 1 1 0 1 0 1 0 1 0 0 0 1 0 1 1 0 1 0
 1 0 1]"
18,0.9999991871121228,"[1 1 1 1 1 1 1 1 1 1 1 1 1 1 1 1 1 1 1 1 1 1 1 0 1 0 1 0 0 0 1 0 1 1 0 1 1
 1 0 1]"
18,0.9999991871303127,"[1 1 1 1 1 1 1 1 1 1 1 1 1 1 1 1 1 1 1 1 1 1 1 0 1 0 1 0 0 0 1 0 1 1 0 1 1
 1 1 1]"
18,0.9999991871121228,"[1 1 1 1 1 1 1 1 1 1 1 1 1 1 1 1 1 1 1 1 1 1 1 0 1 0 1 0 0 0 1 0 1 1 0 1 1
 1 0 1]"
18,0.854288075176146,"[1 1 1 1 1 0 1 1 1 1 1 1 1 1 1 1 1 1 1 1 1 0 1 0 1 0 1 0 0 0 1 0 1 1 0 1 1
 1 0 0]"
18,0.9999991873940659,"[1 1 1 1 1 1 1 1 1 1 1 1 1 1 1 1 1 1 1 1 1 1 1 0 1 0 1 0 0 0 1 0 1 1 1 1 1
 1 0 0]"
18,0.9999968215570321,"[1 1 1 1 1 1 1 1 1 1 1 1 1 1 1 1 1 1 1 1 1 0 1 0 1 0 1 0 1 0 1 0 1 1 0 1 1
 1 0 1]"
18,0.9999968028578746,"[1 1 1 1 1 1 1 1 1 1 1 1 1 1 1 1 1 1 1 1 1 0 1 0 1 0 1 0 0 0 1 0 1 1 0 1 0
 1 0 1]"
18,0.9999944553703345,"[1 1 1 1 1 1 1 1 1 1 1 1 1 1 1 1 1 1 1 1 0 1 1 0 1 0 1 1 0 0 1 0 1 0 0 1 0
 1 1 1]"
18,0.9999968028578746,"[1 1 1 1 1 1 1 1 1 1 1 1 1 1 1 1 1 1 1 1 1 0 1 0 1 0 1 0 0 0 1 0 1 1 0 1 0
 1 0 1]"
18,0.9999973989664317,"[1 1 1 1 1 1 1 1 1 1 1 1 1 1 1 1 1 1 1 1 1 0 1 1 1 0 1 0 0 0 1 0 1 1 0 1 1
 1 0 0]"
18,0.854290144235177,"[1 1 1 1 1 0 1 1 1 1 1 1 1 1 1 1 1 1 1 1 1 1 1 0 1 0 1 0 0 0 1 0 1 1 0 1 0
 1 0 1]"
18,0.9999944211007457,"[1 1 1 1 1 1 1 1 1 1 1 1 1 1 1 1 1 1 1 1 0 1 1 0 1 0 1 0 0 0 1 1 1 1 0 1 1
 1 1 1]"
18,0.999996812243833,"[1 1 1 1 1 1 1 1 1 1 1 1 1 1 1 1 1 1 1 1 1 0 1 0 1 0 1 0 0 1 1 0 1 1 0 1 1
 1 0 1]"
18,0.9999968215570321,"[1 1 1 1 1 1 1 1 1 1 1 1 1 1 1 1 1 1 1 1 1 0 1 0 1 0 1 0 1 0 1 0 1 1 0 1 1
 1 0 1]"
18,0.9806387216460578,"[1 1 1 1 1 1 1 1 0 1 1 1 1 1 1 1 1 1 1 1 1 1 1 0 1 0 1 0 0 0 1 0 1 1 0 1 1
 1 0 1]"
18,0.5244600202990203,"[1 1 1 0 1 1 1 1 1 1 1 1 1 1 1 1 1 1 1 1 1 1 1 0 1 0 1 0 0 0 1 0 1 1 0 1 1
 1 0 1]"
18,0.5244586917345703,"[1 1 1 0 1 1 1 1 1 1 1 1 1 1 1 1 1 1 1 1 1 0 1 0 1 0 1 0 0 1 1 0 1 1 0 1 1
 1 0 0]"
18,0.9999968029215391,"[1 1 1 1 1 1 1 1 1 1 1 1 1 1 1 1 1 1 1 1 1 0 1 0 1 0 1 0 0 0 1 0 1 1 0 1 1
 1 0 0]"
18,0.9999968029215391,"[1 1 1 1 1 1 1 1 1 1 1 1 1 1 1 1 1 1 1 1 1 0 1 0 1 0 1 0 0 0 1 0 1 1 0 1 1
 1 0 0]"
18,0.999996812243833,"[1 1 1 1 1 1 1 1 1 1 1 1 1 1 1 1 1 1 1 1 1 0 1 0 1 0 1 0 0 1 1 0 1 1 0 1 1
 1 0 1]"
18,0.9999991871303127,"[1 1 1 1 1 1 1 1 1 1 1 1 1 1 1 1 1 1 1 1 1 1 1 0 1 0 1 0 0 0 1 0 1 1 0 1 1
 1 1 1]"
18,0.9999968215570321,"[1 1 1 1 1 1 1 1 1 1 1 1 1 1 1 1 1 1 1 1 1 0 1 0 1 0 1 0 1 0 1 0 1 1 0 1 1
 1 0 1]"
18,0.999996812243833,"[1 1 1 1 1 1 1 1 1 1 1 1 1 1 1 1 1 1 1 1 1 0 1 0 1 0 1 0 0 1 1 0 1 1 0 1 1
 1 0 1]"
18,0.0009765609123200638,"[0 1 1 1 1 1 1 1 1 1 1 1 1 1 1 1 1 1 1 1 1 1 1 0 1 0 1 0 0 0 1 0 1 1 0 1 1
 1 0 1]"
18,0.9999968029215391,"[1 1 1 1 1 1 1 1 1 1 1 1 1 1 1 1 1 1 1 1 1 0 1 0 1 0 1 0 0 0 1 0 1 1 0 1 1
 1 0 0]"
18,0.9999991894222376,"[1 1 1 1 1 1 1 1 1 1 1 1 1 1 1 1 1 1 1 1 1 1 1 0 1 0 1 0 0 0 1 1 1 1 0 1 1
 0 1 1]"
18,0.9999991871303127,"[1 1 1 1 1 1 1 1 1 1 1 1 1 1 1 1 1 1 1 1 1 1 1 0 1 0 1 0 0 0 1 0 1 1 0 1 1
 1 1 1]"
18,0.9999991126063739,"[1 1 1 1 1 1 1 1 1 1 1 1 1 1 1 1 1 1 1 1 1 1 1 0 1 0 0 0 0 0 1 0 1 1 0 1 1
 1 0 1]"
18,0.9999968032216715,"[1 1 1 1 1 1 1 1 1 1 1 1 1 1 1 1 1 1 1 1 1 0 1 0 1 0 1 0 0 0 1 0 1 1 1 1 1
 1 0 1]"
18,0.9999968029215391,"[1 1 1 1 1 1 1 1 1 1 1 1 1 1 1 1 1 1 1 1 1 0 1 0 1 0 1 0 0 0 1 0 1 1 0 1 1
 1 0 0]"
18,0.9999991871121228,"[1 1 1 1 1 1 1 1 1 1 1 1 1 1 1 1 1 1 1 1 1 1 1 0 1 0 1 0 0 0 1 0 1 1 0 1 1
 1 0 1]"
18,0.9999973989027672,"[1 1 1 1 1 1 1 1 1 1 1 1 1 1 1 1 1 1 1 1 1 0 1 1 1 0 1 0 0 0 1 0 1 1 0 1 0
 1 0 1]"
18,0.999996812243833,"[1 1 1 1 1 1 1 1 1 1 1 1 1 1 1 1 1 1 1 1 1 0 1 0 1 0 1 0 0 1 1 0 1 1 0 1 1
 1 0 1]"
18,0.9999205117422829,"[1 1 1 1 1 1 1 1 1 1 1 1 1 1 1 1 0 1 1 1 1 0 1 0 1 0 1 0 0 0 1 0 1 1 0 1 0
 1 0 0]"
18,0.9999944187542611,"[1 1 1 1 1 1 1 1 1 1 1 1 1 1 1 1 1 1 1 1 0 1 1 0 1 0 1 0 0 0 1 0 1 1 0 1 1
 1 0 1]"
18,0.9999992336782184,"[1 1 1 1 1 1 1 1 1 1 1 1 1 1 1 1 1 1 1 1 1 1 1 0 1 0 1 1 0 1 1 0 1 1 0 1 1
 1 0 1]"
18,0.9999944570983658,"[1 1 1 1 1 1 1 1 1 1 1 1 1 1 1 1 1 1 1 1 0 1 1 0 1 0 1 1 0 0 1 1 0 1 0 1 0
 1 0 1]"
18,0.9999968032125766,"[1 1 1 1 1 1 1 1 1 1 1 1 1 1 1 1 1 1 1 1 1 0 1 0 1 0 1 0 0 0 1 0 1 1 1 1 1
 1 0 0]"
18,0.999996802930634,"[1 1 1 1 1 1 1 1 1 1 1 1 1 1 1 1 1 1 1 1 1 0 1 0 1 0 1 0 0 0 1 0 1 1 0 1 1
 1 0 1]"
18,0.9975557051467039,"[1 1 1 1 1 1 1 1 1 1 1 0 1 1 1 1 1 1 1 1 0 1 1 0 1 0 1 0 0 0 1 0 1 1 0 1 0
 1 0 1]"
18,0.9999991871121228,"[1 1 1 1 1 1 1 1 1 1 1 1 1 1 1 1 1 1 1 1 1 1 1 0 1 0 1 0 0 0 1 0 1 1 0 1 1
 1 0 1]"
18,0.9999968215570321,"[1 1 1 1 1 1 1 1 1 1 1 1 1 1 1 1 1 1 1 1 1 0 1 0 1 0 1 0 1 0 1 0 1 1 0 1 1
 1 0 1]"
18,0.9999991871121228,"[1 1 1 1 1 1 1 1 1 1 1 1 1 1 1 1 1 1 1 1 1 1 1 0 1 0 1 0 0 0 1 0 1 1 0 1 1
 1 0 1]"
18,0.9999968029215391,"[1 1 1 1 1 1 1 1 1 1 1 1 1 1 1 1 1 1 1 1 1 0 1 0 1 0 1 0 0 0 1 0 1 1 0 1 1
 1 0 0]"
18,0.9999991871121228,"[1 1 1 1 1 1 1 1 1 1 1 1 1 1 1 1 1 1 1 1 1 1 1 0 1 0 1 0 0 0 1 0 1 1 0 1 1
 1 0 1]"
18,0.9999968029215391,"[1 1 1 1 1 1 1 1 1 1 1 1 1 1 1 1 1 1 1 1 1 0 1 0 1 0 1 0 0 0 1 0 1 1 0 1 1
 1 0 0]"
18,0.9999991871121228,"[1 1 1 1 1 1 1 1 1 1 1 1 1 1 1 1 1 1 1 1 1 1 1 0 1 0 1 0 0 0 1 0 1 1 0 1 1
 1 0 1]"
18,0.9999944562434451,"[1 1 1 1 1 1 1 1 1 1 1 1 1 1 1 1 1 1 1 1 0 1 1 0 1 0 1 1 0 0 1 0 1 1 1 1 0
 1 1 1]"
18,0.7279755458198007,"[1 1 1 1 0 1 1 1 1 1 1 1 1 1 1 1 1 1 1 1 1 1 1 0 1 0 1 0 0 0 1 0 1 1 0 1 1
 1 0 1]"
18,0.9999968215570321,"[1 1 1 1 1 1 1 1 1 1 1 1 1 1 1 1 1 1 1 1 1 0 1 0 1 0 1 0 1 0 1 0 1 1 0 1 1
 1 0 1]"
18,0.9999991870393633,"[1 1 1 1 1 1 1 1 1 1 1 1 1 1 1 1 1 1 1 1 1 1 1 0 1 0 1 0 0 0 1 0 1 1 0 1 0
 1 0 1]"
18,0.9999991964253417,"[1 1 1 1 1 1 1 1 1 1 1 1 1 1 1 1 1 1 1 1 1 1 1 0 1 0 1 0 0 1 1 0 1 1 0 1 1
 1 0 1]"
step,fitness,genome
19,0.9999991870393633,"[1 1 1 1 1 1 1 1 1 1 1 1 1 1 1 1 1 1 1 1 1 1 1 0 1 0 1 0 0 0 1 0 1 1 0 1 0
 1 0 1]"
19,0.9999968215570321,"[1 1 1 1 1 1 1 1 1 1 1 1 1 1 1 1 1 1 1 1 1 0 1 0 1 0 1 0 1 0 1 0 1 1 0 1 1
 1 0 1]"
19,0.9999991964253417,"[1 1 1 1 1 1 1 1 1 1 1 1 1 1 1 1 1 1 1 1 1 1 1 0 1 0 1 0 0 1 1 0 1 1 0 1 1
 1 0 1]"
19,0.9999993360508762,"[1 1 1 1 1 1 1 1 1 1 1 1 1 1 1 1 1 1 1 1 1 1 1 0 1 1 1 0 0 0 1 0 1 1 0 1 0
 1 0 1]"
19,0.9805637610090749,"[1 1 1 1 1 1 1 1 0 1 1 1 1 1 1 1 0 1 1 1 1 1 1 0 1 0 1 0 0 0 1 0 1 1 0 1 1
 1 0 1]"
19,0.9999991894222376,"[1 1 1 1 1 1 1 1 1 1 1 1 1 1 1 1 1 1 1 1 1 1 1 0 1 0 1 0 0 0 1 1 1 1 0 1 1
 0 1 1]"
19,0.9999991126063739,"[1 1 1 1 1 1 1 1 1 1 1 1 1 1 1 1 1 1 1 1 1 1 1 0 1 0 0 0 0 0 1 0 1 1 0 1 1
 1 0 1]"
19,0.0009764864273696291,"[0 1 1 1 1 1 1 1 1 1 1 1 1 1 1 1 1 0 1 1 1 1 1 0 1 0 1 0 0 1 1 0 1 1 0 1 1
 1 0 1]"
19,0.9999991870393633,"[1 1 1 1 1 1 1 1 1 1 1 1 1 1 1 1 1 1 1 1 1 1 1 0 1 0 1 0 0 0 1 0 1 1 0 1 0
 1 0 1]"
19,0.999989659730002,"[1 1 1 1 1 1 1 1 1 1 1 1 1 1 1 1 1 1 1 0 1 1 1 0 1 0 1 0 0 1 1 0 1 1 0 1 1
 1 0 1]"
19,0.9999988890891569,"[1 1 1 1 1 1 1 1 1 1 1 1 1 1 1 1 1 1 1 1 1 1 1 0 0 0 1 0 0 0 1 0 1 1 0 1 1
 1 0 1]"
19,0.9999991870393633,"[1 1 1 1 1 1 1 1 1 1 1 1 1 1 1 1 1 1 1 1 1 1 1 0 1 0 1 0 0 0 1 0 1 1 0 1 0
 1 0 1]"
19,0.9999997831582944,"[1 1 1 1 1 1 1 1 1 1 1 1 1 1 1 1 1 1 1 1 1 1 1 1 1 0 1 0 0 0 1 0 1 1 0 1 1
 1 0 1]"
19,0.9999944187542611,"[1 1 1 1 1 1 1 1 1 1 1 1 1 1 1 1 1 1 1 1 0 1 1 0 1 0 1 0 0 0 1 0 1 1 0 1 1
 1 0 1]"
19,0.9999993360508762,"[1 1 1 1 1 1 1 1 1 1 1 1 1 1 1 1 1 1 1 1 1 1 1 0 1 1 1 0 0 0 1 0 1 1 0 1 0
 1 0 1]"
19,0.9999991964253417,"[1 1 1 1 1 1 1 1 1 1 1 1 1 1 1 1 1 1 1 1 1 1 1 0 1 0 1 0 0 1 1 0 1 1 0 1 1
 1 0 1]"
19,0.9999991871121228,"[1 1 1 1 1 1 1 1 1 1 1 1 1 1 1 1 1 1 1 1 1 1 1 0 1 0 1 0 0 0 1 0 1 1 0 1 1
 1 0 1]"
19,0.9999991870939329,"[1 1 1 1 1 1 1 1 1 1 1 1 1 1 1 1 1 1 1 1 1 1 1 0 1 0 1 0 0 0 1 0 1 1 0 1 1
 0 1 1]"
19,0.9999991824555133,"[1 1 1 1 1 1 1 1 1 1 1 1 1 1 1 1 1 1 1 1 1 1 1 0 1 0 1 0 0 0 0 0 1 1 0 1 1
 1 0 1]"
19,0.9999991871121228,"[1 1 1 1 1 1 1 1 1 1 1 1 1 1 1 1 1 1 1 1 1 1 1 0 1 0 1 0 0 0 1 0 1 1 0 1 1
 1 0 1]"
19,0.999996802930634,"[1 1 1 1 1 1 1 1 1 1 1 1 1 1 1 1 1 1 1 1 1 0 1 0 1 0 1 0 0 0 1 0 1 1 0 1 1
 1 0 1]"
19,0.9999991873940659,"[1 1 1 1 1 1 1 1 1 1 1 1 1 1 1 1 1 1 1 1 1 1 1 0 1 0 1 0 0 0 1 0 1 1 1 1 1
 1 0 0]"
19,0.9999991873213064,"[1 1 1 1 1 1 1 1 1 1 1 1 1 1 1 1 1 1 1 1 1 1 1 0 1 0 1 0 0 0 1 0 1 1 1 1 0
 1 0 0]"
19,0.9999993360508762,"[1 1 1 1 1 1 1 1 1 1 1 1 1 1 1 1 1 1 1 1 1 1 1 0 1 1 1 0 0 0 1 0 1 1 0 1 0
 1 0 1]"
19,0.9999991871121228,"[1 1 1 1 1 1 1 1 1 1 1 1 1 1 1 1 1 1 1 1 1 1 1 0 1 0 1 0 0 0 1 0 1 1 0 1 1
 1 0 1]"
19,0.9999992336782184,"[1 1 1 1 1 1 1 1 1 1 1 1 1 1 1 1 1 1 1 1 1 1 1 0 1 0 1 1 0 1 1 0 1 1 0 1 1
 1 0 1]"
19,0.9999991871303127,"[1 1 1 1 1 1 1 1 1 1 1 1 1 1 1 1 1 1 1 1 1 1 1 0 1 0 1 0 0 0 1 0 1 1 0 1 1
 1 1 1]"
19,0.9999991964253417,"[1 1 1 1 1 1 1 1 1 1 1 1 1 1 1 1 1 1 1 1 1 1 1 0 1 0 1 0 0 1 1 0 1 1 0 1 1
 1 0 1]"
19,0.9999993360508762,"[1 1 1 1 1 1 1 1 1 1 1 1 1 1 1 1 1 1 1 1 1 1 1 0 1 1 1 0 0 0 1 0 1 1 0 1 0
 1 0 1]"
19,0.05629054403705047,"[1 0 1 1 1 1 1 1 1 1 1 1 1 1 0 1 1 1 1 1 1 1 1 0 1 0 1 0 0 0 1 1 1 1 0 1 1
 0 1 1]"
19,0.9999991871121228,"[1 1 1 1 1 1 1 1 1 1 1 1 1 1 1 1 1 1 1 1 1 1 1 0 1 0 1 0 0 0 1 0 1 1 0 1 1
 1 0 1]"
19,0.9999610408222039,"[1 1 1 1 1 1 1 1 1 1 1 1 1 1 1 1 1 0 1 1 1 1 1 0 1 0 1 0 0 0 1 0 1 1 0 1 1
 1 0 1]"
19,0.9902746004511687,"[1 1 1 1 1 1 1 1 1 0 1 1 1 1 1 1 1 1 1 1 1 0 1 1 1 0 1 0 0 0 1 0 1 1 0 1 0
 1 0 1]"
19,0.9999993360508762,"[1 1 1 1 1 1 1 1 1 1 1 1 1 1 1 1 1 1 1 1 1 1 1 0 1 1 1 0 0 0 1 0 1 1 0 1 0
 1 0 1]"
19,0.980633752782133,"[1 1 1 1 1 1 1 1 0 1 1 1 1 1 1 1 1 1 1 1 0 1 1 0 0 0 1 0 0 1 1 0 1 1 0 1 1
 1 0 1]"
19,0.9999991964253417,"[1 1 1 1 1 1 1 1 1 1 1 1 1 1 1 1 1 1 1 1 1 1 1 0 1 0 1 0 0 1 1 0 1 1 0 1 1
 1 0 1]"
19,0.9999968032125766,"[1 1 1 1 1 1 1 1 1 1 1 1 1 1 1 1 1 1 1 1 1 0 1 0 1 0 1 0 0 0 1 0 1 1 1 1 1
 1 0 0]"
19,0.9999991870393633,"[1 1 1 1 1 1 1 1 1 1 1 1 1 1 1 1 1 1 1 1 1 1 1 0 1 0 1 0 0 0 1 0 1 1 0 1 0
 1 0 1]"
19,0.9951270930555617,"[1 1 1 1 1 1 1 1 1 1 0 1 1 1 1 1 1 1 1 1 1 1 1 0 1 0 1 0 0 0 1 0 1 1 0 1 1
 1 0 1]"
19,0.9999991873940659,"[1 1 1 1 1 1 1 1 1 1 1 1 1 1 1 1 1 1 1 1 1 1 1 0 1 0 1 0 0 0 1 0 1 1 1 1 1
 1 0 0]"
19,0.9987791552137727,"[1 1 1 1 1 1 1 1 1 1 1 1 0 1 1 1 1 1 1 1 1 1 1 0 1 0 1 0 0 0 1 0 1 1 0 1 1
 1 0 1]"
19,0.9999991871303127,"[1 1 1 1 1 1 1 1 1 1 1 1 1 1 1 1 1 1 1 1 1 1 1 0 1 0 1 0 0 0 1 0 1 1 0 1 1
 1 1 1]"
19,0.9999968215570321,"[1 1 1 1 1 1 1 1 1 1 1 1 1 1 1 1 1 1 1 1 1 0 1 0 1 0 1 0 1 0 1 0 1 1 0 1 1
 1 0 1]"
19,0.9999991871121228,"[1 1 1 1 1 1 1 1 1 1 1 1 1 1 1 1 1 1 1 1 1 1 1 0 1 0 1 0 0 0 1 0 1 1 0 1 1
 1 0 1]"
19,0.9999991126063739,"[1 1 1 1 1 1 1 1 1 1 1 1 1 1 1 1 1 1 1 1 1 1 1 0 1 0 0 0 0 0 1 0 1 1 0 1 1
 1 0 1]"
19,0.26307533176241743,"[1 1 0 1 1 1 1 1 1 1 1 1 1 1 1 1 1 1 1 1 1 1 1 0 1 0 1 0 0 0 1 0 1 1 0 1 1
 1 0 1]"
19,0.9999992336418386,"[1 1 1 1 1 1 1 1 1 1 1 1 1 1 1 1 1 1 1 1 1 1 1 0 1 0 1 1 0 1 1 0 1 1 0 1 1
 0 0 1]"
19,0.9999991963889621,"[1 1 1 1 1 1 1 1 1 1 1 1 1 1 1 1 1 1 1 1 1 1 1 0 1 0 1 0 0 1 1 0 1 1 0 1 1
 0 0 1]"
19,0.9999993360508762,"[1 1 1 1 1 1 1 1 1 1 1 1 1 1 1 1 1 1 1 1 1 1 1 0 1 1 1 0 0 0 1 0 1 1 0 1 0
 1 0 1]"
19,0.999999345436856,"[1 1 1 1 1 1 1 1 1 1 1 1 1 1 1 1 1 1 1 1 1 1 1 0 1 1 1 0 0 1 1 0 1 1 0 1 1
 1 0 1]"
19,0.9951270929831213,"[1 1 1 1 1 1 1 1 1 1 0 1 1 1 1 1 1 1 1 1 1 1 1 0 1 0 1 0 0 0 1 0 1 1 0 1 0
 1 0 1]"
19,0.9999991871303127,"[1 1 1 1 1 1 1 1 1 1 1 1 1 1 1 1 1 1 1 1 1 1 1 0 1 0 1 0 0 0 1 0 1 1 0 1 1
 1 1 1]"
19,0.9999991871121228,"[1 1 1 1 1 1 1 1 1 1 1 1 1 1 1 1 1 1 1 1 1 1 1 0 1 0 1 0 0 0 1 0 1 1 0 1 1
 1 0 1]"
19,0.9999991871121228,"[1 1 1 1 1 1 1 1 1 1 1 1 1 1 1 1 1 1 1 1 1 1 1 0 1 0 1 0 0 0 1 0 1 1 0 1 1
 1 0 1]"
19,0.9999968215570321,"[1 1 1 1 1 1 1 1 1 1 1 1 1 1 1 1 1 1 1 1 1 0 1 0 1 0 1 0 1 0 1 0 1 1 0 1 1
 1 0 1]"
19,0.9999968214115134,"[1 1 1 1 1 1 1 1 1 1 1 1 1 1 1 1 1 1 1 1 1 0 1 0 1 0 1 0 1 0 1 0 1 1 0 0 1
 1 0 1]"
19,0.9999991871303127,"[1 1 1 1 1 1 1 1 1 1 1 1 1 1 1 1 1 1 1 1 1 1 1 0 1 0 1 0 0 0 1 0 1 1 0 1 1
 1 1 1]"
19,0.9999991964253417,"[1 1 1 1 1 1 1 1 1 1 1 1 1 1 1 1 1 1 1 1 1 1 1 0 1 0 1 0 0 1 1 0 1 1 0 1 1
 1 0 1]"
19,0.9902765206399144,"[1 1 1 1 1 1 1 1 1 0 1 1 1 1 1 1 1 1 1 1 1 1 1 0 1 1 1 0 0 0 1 0 1 1 0 1 0
 1 0 1]"
19,0.9999991964253417,"[1 1 1 1 1 1 1 1 1 1 1 1 1 1 1 1 1 1 1 1 1 1 1 0 1 0 1 0 0 1 1 0 1 1 0 1 1
 1 0 1]"
19,0.9999991871121228,"[1 1 1 1 1 1 1 1 1 1 1 1 1 1 1 1 1 1 1 1 1 1 1 0 1 0 1 0 0 0 1 0 1 1 0 1 1
 1 0 1]"
19,0.9999991873940659,"[1 1 1 1 1 1 1 1 1 1 1 1 1 1 1 1 1 1 1 1 1 1 1 0 1 0 1 0 0 0 1 0 1 1 1 1 1
 1 0 0]"
19,0.9999991871121228,"[1 1 1 1 1 1 1 1 1 1 1 1 1 1 1 1 1 1 1 1 1 1 1 0 1 0 1 0 0 0 1 0 1 1 0 1 1
 1 0 1]"
19,0.9999988890891569,"[1 1 1 1 1 1 1 1 1 1 1 1 1 1 1 1 1 1 1 1 1 1 1 0 0 0 1 0 0 0 1 0 1 1 0 1 1
 1 0 1]"
19,0.9999991871121228,"[1 1 1 1 1 1 1 1 1 1 1 1 1 1 1 1 1 1 1 1 1 1 1 0 1 0 1 0 0 0 1 0 1 1 0 1 1
 1 0 1]"
19,0.9999228213412834,"[1 1 1 1 1 1 1 1 1 1 1 1 1 1 1 1 0 1 1 1 1 1 1 0 1 0 0 0 0 0 1 0 1 1 0 1 1
 1 0 1]"
19,0.9975604630374391,"[1 1 1 1 1 1 1 1 1 1 1 0 1 1 1 1 1 1 1 1 1 1 1 0 1 0 1 0 0 0 1 0 1 1 0 1 0
 1 0 1]"
19,0.9999991964253417,"[1 1 1 1 1 1 1 1 1 1 1 1 1 1 1 1 1 1 1 1 1 1 1 0 1 0 1 0 0 1 1 0 1 1 0 1 1
 1 0 1]"
19,0.9999991871121228,"[1 1 1 1 1 1 1 1 1 1 1 1 1 1 1 1 1 1 1 1 1 1 1 0 1 0 1 0 0 0 1 0 1 1 0 1 1
 1 0 1]"
19,0.9999968028578746,"[1 1 1 1 1 1 1 1 1 1 1 1 1 1 1 1 1 1 1 1 1 0 1 0 1 0 1 0 0 0 1 0 1 1 0 1 0
 1 0 1]"
19,0.9999991871121228,"[1 1 1 1 1 1 1 1 1 1 1 1 1 1 1 1 1 1 1 1 1 1 1 0 1 0 1 0 0 0 1 0 1 1 0 1 1
 1 0 1]"
19,0.9999992336782184,"[1 1 1 1 1 1 1 1 1 1 1 1 1 1 1 1 1 1 1 1 1 1 1 0 1 0 1 1 0 1 1 0 1 1 0 1 1
 1 0 1]"
19,0.9999968588098291,"[1 1 1 1 1 1 1 1 1 1 1 1 1 1 1 1 1 1 1 1 1 0 1 0 1 0 1 1 1 0 1 0 1 1 0 1 1
 1 0 1]"
19,0.9999991964435316,"[1 1 1 1 1 1 1 1 1 1 1 1 1 1 1 1 1 1 1 1 1 1 1 0 1 0 1 0 0 1 1 0 1 1 0 1 1
 1 1 1]"
19,0.9999991894222376,"[1 1 1 1 1 1 1 1 1 1 1 1 1 1 1 1 1 1 1 1 1 1 1 0 1 0 1 0 0 0 1 1 1 1 0 1 1
 0 1 1]"
19,0.9999991870757431,"[1 1 1 1 1 1 1 1 1 1 1 1 1 1 1 1 1 1 1 1 1 1 1 0 1 0 1 0 0 0 1 0 1 1 0 1 1
 0 0 1]"
19,0.9999968213751337,"[1 1 1 1 1 1 1 1 1 1 1 1 1 1 1 1 1 1 1 1 1 0 1 0 1 0 1 0 1 0 1 0 1 1 0 0 1
 0 0 1]"
19,0.9999968214115134,"[1 1 1 1 1 1 1 1 1 1 1 1 1 1 1 1 1 1 1 1 1 0 1 0 1 0 1 0 1 0 1 0 1 1 0 0 1
 1 0 1]"
19,0.9999991964253417,"[1 1 1 1 1 1 1 1 1 1 1 1 1 1 1 1 1 1 1 1 1 1 1 0 1 0 1 0 0 1 1 0 1 1 0 1 1
 1 0 1]"
19,0.9999991871121228,"[1 1 1 1 1 1 1 1 1 1 1 1 1 1 1 1 1 1 1 1 1 1 1 0 1 0 1 0 0 0 1 0 1 1 0 1 1
 1 0 1]"
19,0.9999967985559771,"[1 1 1 1 1 1 1 1 1 1 1 1 1 1 1 1 1 1 1 1 1 0 1 0 1 0 1 0 0 0 0 0 1 1 1 1 1
 1 0 0]"
19,0.9999920348649455,"[1 1 1 1 1 1 1 1 1 1 1 1 1 1 1 1 1 1 1 1 0 0 1 0 1 0 1 0 0 0 1 0 1 1 1 1 1
 1 0 0]"
19,0.9999991871121228,"[1 1 1 1 1 1 1 1 1 1 1 1 1 1 1 1 1 1 1 1 1 1 1 0 1 0 1 0 0 0 1 0 1 1 0 1 1
 1 0 1]"
19,0.9999974175291753,"[1 1 1 1 1 1 1 1 1 1 1 1 1 1 1 1 1 1 1 1 1 0 1 1 1 0 1 0 1 0 1 0 1 1 0 1 0
 1 0 1]"
19,0.9999973989027672,"[1 1 1 1 1 1 1 1 1 1 1 1 1 1 1 1 1 1 1 1 1 0 1 1 1 0 1 0 0 0 1 0 1 1 0 1 0
 1 0 1]"
19,0.9999993360508762,"[1 1 1 1 1 1 1 1 1 1 1 1 1 1 1 1 1 1 1 1 1 1 1 0 1 1 1 0 0 0 1 0 1 1 0 1 0
 1 0 1]"
19,0.9999991871121228,"[1 1 1 1 1 1 1 1 1 1 1 1 1 1 1 1 1 1 1 1 1 1 1 0 1 0 1 0 0 0 1 0 1 1 0 1 1
 1 0 1]"
19,0.9999968028578746,"[1 1 1 1 1 1 1 1 1 1 1 1 1 1 1 1 1 1 1 1 1 0 1 0 1 0 1 0 0 0 1 0 1 1 0 1 0
 1 0 1]"
19,0.9999991871121228,"[1 1 1 1 1 1 1 1 1 1 1 1 1 1 1 1 1 1 1 1 1 1 1 0 1 0 1 0 0 0 1 0 1 1 0 1 1
 1 0 1]"
19,0.9999973989027672,"[1 1 1 1 1 1 1 1 1 1 1 1 1 1 1 1 1 1 1 1 1 0 1 1 1 0 1 0 0 0 1 0 1 1 0 1 0
 1 0 1]"
19,0.9999991964253417,"[1 1 1 1 1 1 1 1 1 1 1 1 1 1 1 1 1 1 1 1 1 1 1 0 1 0 1 0 0 1 1 0 1 1 0 1 1
 1 0 1]"
19,0.9999991871121228,"[1 1 1 1 1 1 1 1 1 1 1 1 1 1 1 1 1 1 1 1 1 1 1 0 1 0 1 0 0 0 1 0 1 1 0 1 1
 1 0 1]"
19,0.9999896457602935,"[1 1 1 1 1 1 1 1 1 1 1 1 1 1 1 1 1 1 1 0 1 1 1 0 1 0 1 0 0 0 0 0 1 1 0 1 1
 1 0 1]"
19,0.9999991964253417,"[1 1 1 1 1 1 1 1 1 1 1 1 1 1 1 1 1 1 1 1 1 1 1 0 1 0 1 0 0 1 1 0 1 1 0 1 1
 1 0 1]"
19,0.9999973989027672,"[1 1 1 1 1 1 1 1 1 1 1 1 1 1 1 1 1 1 1 1 1 0 1 1 1 0 1 0 0 0 1 0 1 1 0 1 0
 1 0 1]"
19,0.9999968215570321,"[1 1 1 1 1 1 1 1 1 1 1 1 1 1 1 1 1 1 1 1 1 0 1 0 1 0 1 0 1 0 1 0 1 1 0 1 1
 1 0 1]"
19,0.9999991964435316,"[1 1 1 1 1 1 1 1 1 1 1 1 1 1 1 1 1 1 1 1 1 1 1 0 1 0 1 0 0 1 1 0 1 1 0 1 1
 1 1 1]"
19,0.9999991871121228,"[1 1 1 1 1 1 1 1 1 1 1 1 1 1 1 1 1 1 1 1 1 1 1 0 1 0 1 0 0 0 1 0 1 1 0 1 1
 1 0 1]"
19,0.9999991871121228,"[1 1 1 1 1 1 1 1 1 1 1 1 1 1 1 1 1 1 1 1 1 1 1 0 1 0 1 0 0 0 1 0 1 1 0 1 1
 1 0 1]"
19,0.9999991824555133,"[1 1 1 1 1 1 1 1 1 1 1 1 1 1 1 1 1 1 1 1 1 1 1 0 1 0 1 0 0 0 0 0 1 1 0 1 1
 1 0 1]"
step,fitness,genome
20,0.9999991871121228,"[1 1 1 1 1 1 1 1 1 1 1 1 1 1 1 1 1 1 1 1 1 1 1 0 1 0 1 0 0 0 1 0 1 1 0 1 1
 1 0 1]"
20,0.9999993354687999,"[1 1 1 1 1 1 1 1 1 1 1 1 1 1 1 1 1 1 1 1 1 1 1 0 1 1 1 0 0 0 1 0 1 0 0 1 0
 1 0 1]"
20,0.9999991873940659,"[1 1 1 1 1 1 1 1 1 1 1 1 1 1 1 1 1 1 1 1 1 1 1 0 1 0 1 0 0 0 1 0 1 1 1 1 1
 1 0 0]"
20,0.9999991964253417,"[1 1 1 1 1 1 1 1 1 1 1 1 1 1 1 1 1 1 1 1 1 1 1 0 1 0 1 0 0 1 1 0 1 1 0 1 1
 1 0 1]"
20,0.9999991964435316,"[1 1 1 1 1 1 1 1 1 1 1 1 1 1 1 1 1 1 1 1 1 1 1 0 1 0 1 0 0 1 1 0 1 1 0 1 1
 1 1 1]"
20,0.9999991871121228,"[1 1 1 1 1 1 1 1 1 1 1 1 1 1 1 1 1 1 1 1 1 1 1 0 1 0 1 0 0 0 1 0 1 1 0 1 1
 1 0 1]"
20,0.9999993360508762,"[1 1 1 1 1 1 1 1 1 1 1 1 1 1 1 1 1 1 1 1 1 1 1 0 1 1 1 0 0 0 1 0 1 1 0 1 0
 1 0 1]"
20,0.9999991882580853,"[1 1 1 1 1 1 1 1 1 1 1 1 1 1 1 1 1 1 1 1 1 1 1 0 1 0 1 0 0 0 1 1 0 1 0 1 1
 0 1 1]"
20,0.9999991987536465,"[1 1 1 1 1 1 1 1 1 1 1 1 1 1 1 1 1 1 1 1 1 1 1 0 1 0 1 0 0 1 1 1 1 1 0 1 1
 1 0 1]"
20,0.9999991894222376,"[1 1 1 1 1 1 1 1 1 1 1 1 1 1 1 1 1 1 1 1 1 1 1 0 1 0 1 0 0 0 1 1 1 1 0 1 1
 0 1 1]"
20,0.9999993361236357,"[1 1 1 1 1 1 1 1 1 1 1 1 1 1 1 1 1 1 1 1 1 1 1 0 1 1 1 0 0 0 1 0 1 1 0 1 1
 1 0 1]"
20,0.9999991870393633,"[1 1 1 1 1 1 1 1 1 1 1 1 1 1 1 1 1 1 1 1 1 1 1 0 1 0 1 0 0 0 1 0 1 1 0 1 0
 1 0 1]"
20,0.9998467587283778,"[1 1 1 1 1 1 1 1 1 1 1 1 1 1 1 0 1 1 1 1 1 1 1 0 1 1 1 0 0 0 1 0 1 1 0 1 0
 1 0 1]"
20,0.9996940627708787,"[1 1 1 1 1 1 1 1 1 1 1 1 1 1 0 1 1 1 1 1 1 1 1 0 1 0 1 0 0 1 1 0 1 1 0 1 1
 1 0 1]"
20,0.9999991964253417,"[1 1 1 1 1 1 1 1 1 1 1 1 1 1 1 1 1 1 1 1 1 1 1 0 1 0 1 0 0 1 1 0 1 1 0 1 1
 1 0 1]"
20,0.7279759937242082,"[1 1 1 1 0 1 1 1 1 1 1 1 1 1 1 1 1 1 1 1 1 1 1 1 1 0 1 0 0 0 1 0 1 1 0 1 1
 1 0 1]"
20,0.9999991917687323,"[1 1 1 1 1 1 1 1 1 1 1 1 1 1 1 1 1 1 1 1 1 1 1 0 1 0 1 0 0 1 0 0 1 1 0 1 1
 1 0 1]"
20,0.9999991869847936,"[1 1 1 1 1 1 1 1 1 1 1 1 1 1 1 1 1 1 1 1 1 1 1 0 1 0 1 0 0 0 1 0 1 1 0 0 1
 1 1 1]"
20,0.9999991871303127,"[1 1 1 1 1 1 1 1 1 1 1 1 1 1 1 1 1 1 1 1 1 1 1 0 1 0 1 0 0 0 1 0 1 1 0 1 1
 1 1 1]"
20,0.9999993360690661,"[1 1 1 1 1 1 1 1 1 1 1 1 1 1 1 1 1 1 1 1 1 1 1 0 1 1 1 0 0 0 1 0 1 1 0 1 0
 1 1 1]"
20,0.9999992237829229,"[1 1 1 1 1 1 1 1 1 1 1 1 1 1 1 1 1 1 1 1 1 1 1 0 1 0 1 1 0 0 1 0 1 0 0 1 1
 1 0 1]"
20,0.9999993360508762,"[1 1 1 1 1 1 1 1 1 1 1 1 1 1 1 1 1 1 1 1 1 1 1 0 1 1 1 0 0 0 1 0 1 1 0 1 0
 1 0 1]"
20,0.924524528244644,"[1 1 1 1 1 1 0 1 1 1 1 1 1 1 1 1 1 0 1 1 0 1 1 0 1 1 1 0 0 0 1 0 1 1 0 1 0
 1 0 1]"
20,0.9999997831582944,"[1 1 1 1 1 1 1 1 1 1 1 1 1 1 1 1 1 1 1 1 1 1 1 1 1 0 1 0 0 0 1 0 1 1 0 1 1
 1 0 1]"
20,0.9999993360508762,"[1 1 1 1 1 1 1 1 1 1 1 1 1 1 1 1 1 1 1 1 1 1 1 0 1 1 1 0 0 0 1 0 1 1 0 1 0
 1 0 1]"
20,0.9999993360508762,"[1 1 1 1 1 1 1 1 1 1 1 1 1 1 1 1 1 1 1 1 1 1 1 0 1 1 1 0 0 0 1 0 1 1 0 1 0
 1 0 1]"
20,0.9999992336782184,"[1 1 1 1 1 1 1 1 1 1 1 1 1 1 1 1 1 1 1 1 1 1 1 0 1 0 1 1 0 1 1 0 1 1 0 1 1
 1 0 1]"
20,0.9999993360508762,"[1 1 1 1 1 1 1 1 1 1 1 1 1 1 1 1 1 1 1 1 1 1 1 0 1 1 1 0 0 0 1 0 1 1 0 1 0
 1 0 1]"
20,0.9999991964435316,"[1 1 1 1 1 1 1 1 1 1 1 1 1 1 1 1 1 1 1 1 1 1 1 0 1 0 1 0 0 1 1 0 1 1 0 1 1
 1 1 1]"
20,0.9999802721254722,"[1 1 1 1 1 1 1 1 1 1 1 1 1 1 1 1 1 1 0 1 1 1 1 0 1 1 1 0 0 1 1 0 1 1 0 1 1
 1 0 1]"
20,0.9999993360508762,"[1 1 1 1 1 1 1 1 1 1 1 1 1 1 1 1 1 1 1 1 1 1 1 0 1 1 1 0 0 0 1 0 1 1 0 1 0
 1 0 1]"
20,0.9999993360508762,"[1 1 1 1 1 1 1 1 1 1 1 1 1 1 1 1 1 1 1 1 1 1 1 0 1 1 1 0 0 0 1 0 1 1 0 1 0
 1 0 1]"
20,0.9999997831582944,"[1 1 1 1 1 1 1 1 1 1 1 1 1 1 1 1 1 1 1 1 1 1 1 1 1 0 1 0 0 0 1 0 1 1 0 1 1
 1 0 1]"
20,0.9999586566498114,"[1 1 1 1 1 1 1 1 1 1 1 1 1 1 1 1 1 0 1 1 1 0 1 0 1 0 1 0 0 0 1 0 1 1 0 1 0
 1 0 1]"
20,0.9999991964253417,"[1 1 1 1 1 1 1 1 1 1 1 1 1 1 1 1 1 1 1 1 1 1 1 0 1 0 1 0 0 1 1 0 1 1 0 1 1
 1 0 1]"
20,0.9999993360508762,"[1 1 1 1 1 1 1 1 1 1 1 1 1 1 1 1 1 1 1 1 1 1 1 0 1 1 1 0 0 0 1 0 1 1 0 1 0
 1 0 1]"
20,0.9999991952611894,"[1 1 1 1 1 1 1 1 1 1 1 1 1 1 1 1 1 1 1 1 1 1 1 0 1 0 1 0 0 1 1 0 0 1 0 1 1
 1 0 1]"
20,0.9245645178987454,"[1 1 1 1 1 1 0 1 1 1 1 1 1 1 1 1 1 1 1 1 1 1 1 0 1 1 1 0 0 0 1 0 1 1 0 1 0
 1 0 1]"
20,0.9999993457278941,"[1 1 1 1 1 1 1 1 1 1 1 1 1 1 1 1 1 1 1 1 1 1 1 0 1 1 1 0 0 1 1 0 1 1 1 1 1
 1 0 1]"
20,0.9999991871030278,"[1 1 1 1 1 1 1 1 1 1 1 1 1 1 1 1 1 1 1 1 1 1 1 0 1 0 1 0 0 0 1 0 1 1 0 1 1
 1 0 0]"
20,0.9999234918471622,"[1 1 1 1 1 1 1 1 1 1 1 1 1 1 1 1 0 1 1 1 1 1 1 1 1 0 1 0 0 0 1 0 1 1 0 1 1
 1 0 1]"
20,0.999999345436856,"[1 1 1 1 1 1 1 1 1 1 1 1 1 1 1 1 1 1 1 1 1 1 1 0 1 1 1 0 0 1 1 0 1 1 0 1 1
 1 0 1]"
20,0.9999991871121228,"[1 1 1 1 1 1 1 1 1 1 1 1 1 1 1 1 1 1 1 1 1 1 1 0 1 0 1 0 0 0 1 0 1 1 0 1 1
 1 0 1]"
20,0.9999991964253417,"[1 1 1 1 1 1 1 1 1 1 1 1 1 1 1 1 1 1 1 1 1 1 1 0 1 0 1 0 0 1 1 0 1 1 0 1 1
 1 0 1]"
20,0.9998467587283778,"[1 1 1 1 1 1 1 1 1 1 1 1 1 1 1 0 1 1 1 1 1 1 1 0 1 1 1 0 0 0 1 0 1 1 0 1 0
 1 0 1]"
20,0.9999993360508762,"[1 1 1 1 1 1 1 1 1 1 1 1 1 1 1 1 1 1 1 1 1 1 1 0 1 1 1 0 0 0 1 0 1 1 0 1 0
 1 0 1]"
20,0.9999992336782184,"[1 1 1 1 1 1 1 1 1 1 1 1 1 1 1 1 1 1 1 1 1 1 1 0 1 0 1 1 0 1 1 0 1 1 0 1 1
 1 0 1]"
20,0.9245644225032785,"[1 1 1 1 1 1 0 1 1 1 1 1 1 1 1 1 1 1 1 1 1 1 1 0 1 0 1 1 0 1 1 0 1 1 0 1 1
 1 0 1]"
20,0.7279755425392518,"[1 1 1 1 0 1 1 1 1 1 1 1 1 1 1 1 1 1 1 1 1 1 1 0 1 0 1 0 0 0 0 0 1 1 1 1 1
 1 0 1]"
20,0.9999992150517799,"[1 1 1 1 1 1 1 1 1 1 1 1 1 1 1 1 1 1 1 1 1 1 1 0 1 0 1 0 1 1 1 0 1 1 0 1 1
 1 0 1]"
20,0.9999993360508762,"[1 1 1 1 1 1 1 1 1 1 1 1 1 1 1 1 1 1 1 1 1 1 1 0 1 1 1 0 0 0 1 0 1 1 0 1 0
 1 0 1]"
20,0.9999991871121228,"[1 1 1 1 1 1 1 1 1 1 1 1 1 1 1 1 1 1 1 1 1 1 1 0 1 0 1 0 0 0 1 0 1 1 0 1 1
 1 0 1]"
20,0.9999993360508762,"[1 1 1 1 1 1 1 1 1 1 1 1 1 1 1 1 1 1 1 1 1 1 1 0 1 1 1 0 0 0 1 0 1 1 0 1 0
 1 0 1]"
20,0.9999990379914906,"[1 1 1 1 1 1 1 1 1 1 1 1 1 1 1 1 1 1 1 1 1 1 1 0 0 1 1 0 0 0 1 0 1 1 0 1 0
 0 0 1]"
20,0.9999993360508762,"[1 1 1 1 1 1 1 1 1 1 1 1 1 1 1 1 1 1 1 1 1 1 1 0 1 1 1 0 0 0 1 0 1 1 0 1 0
 1 0 1]"
20,0.9999991871303127,"[1 1 1 1 1 1 1 1 1 1 1 1 1 1 1 1 1 1 1 1 1 1 1 0 1 0 1 0 0 0 1 0 1 1 0 1 1
 1 1 1]"
20,0.9999991964253417,"[1 1 1 1 1 1 1 1 1 1 1 1 1 1 1 1 1 1 1 1 1 1 1 0 1 0 1 0 0 1 1 0 1 1 0 1 1
 1 0 1]"
20,0.9999993360508762,"[1 1 1 1 1 1 1 1 1 1 1 1 1 1 1 1 1 1 1 1 1 1 1 0 1 1 1 0 0 0 1 0 1 1 0 1 0
 1 0 1]"
20,0.9999993360508762,"[1 1 1 1 1 1 1 1 1 1 1 1 1 1 1 1 1 1 1 1 1 1 1 0 1 1 1 0 0 0 1 0 1 1 0 1 0
 1 0 1]"
20,0.9999993733037575,"[1 1 1 1 1 1 1 1 1 1 1 1 1 1 1 1 1 1 1 1 1 1 1 0 1 1 1 1 0 0 1 0 1 1 0 1 0
 1 0 1]"
20,0.5244546852397655,"[1 1 1 0 1 1 1 1 1 1 1 1 1 1 1 1 1 1 1 0 1 1 1 0 1 0 1 0 0 0 1 0 1 1 0 1 1
 1 0 1]"
20,0.999999345436856,"[1 1 1 1 1 1 1 1 1 1 1 1 1 1 1 1 1 1 1 1 1 1 1 0 1 1 1 0 0 1 1 0 1 1 0 1 1
 1 0 1]"
20,0.9999993360508762,"[1 1 1 1 1 1 1 1 1 1 1 1 1 1 1 1 1 1 1 1 1 1 1 0 1 1 1 0 0 0 1 0 1 1 0 1 0
 1 0 1]"
20,0.056313454373158094,"[1 0 1 1 1 1 1 1 1 1 1 1 1 1 1 1 1 1 1 1 1 1 1 0 1 0 1 0 0 1 1 0 1 1 0 1 1
 1 0 1]"
20,0.9999991894222376,"[1 1 1 1 1 1 1 1 1 1 1 1 1 1 1 1 1 1 1 1 1 1 1 0 1 0 1 0 0 0 1 1 1 1 0 1 1
 0 1 1]"
20,0.9999993360508762,"[1 1 1 1 1 1 1 1 1 1 1 1 1 1 1 1 1 1 1 1 1 1 1 0 1 1 1 0 0 0 1 0 1 1 0 1 0
 1 0 1]"
20,0.9999993360508762,"[1 1 1 1 1 1 1 1 1 1 1 1 1 1 1 1 1 1 1 1 1 1 1 0 1 1 1 0 0 0 1 0 1 1 0 1 0
 1 0 1]"
20,0.9999992336782184,"[1 1 1 1 1 1 1 1 1 1 1 1 1 1 1 1 1 1 1 1 1 1 1 0 1 0 1 1 0 1 1 0 1 1 0 1 1
 1 0 1]"
20,0.2630753345625091,"[1 1 0 1 1 1 1 1 1 1 1 1 1 1 1 1 1 1 1 1 1 1 1 0 1 0 1 0 0 1 1 0 1 1 0 1 1
 1 0 1]"
20,0.9999991871121228,"[1 1 1 1 1 1 1 1 1 1 1 1 1 1 1 1 1 1 1 1 1 1 1 0 1 0 1 0 0 0 1 0 1 1 0 1 1
 1 0 1]"
20,0.9806387239158809,"[1 1 1 1 1 1 1 1 0 1 1 1 1 1 1 1 1 1 1 1 1 1 1 0 1 0 1 0 0 0 1 1 1 1 0 1 1
 0 1 1]"
20,0.9999993360508762,"[1 1 1 1 1 1 1 1 1 1 1 1 1 1 1 1 1 1 1 1 1 1 1 0 1 1 1 0 0 0 1 0 1 1 0 1 0
 1 0 1]"
20,0.9999993360508762,"[1 1 1 1 1 1 1 1 1 1 1 1 1 1 1 1 1 1 1 1 1 1 1 0 1 1 1 0 0 0 1 0 1 1 0 1 0
 1 0 1]"
20,0.9999991964253417,"[1 1 1 1 1 1 1 1 1 1 1 1 1 1 1 1 1 1 1 1 1 1 1 0 1 0 1 0 0 1 1 0 1 1 0 1 1
 1 0 1]"
20,0.05631346485621234,"[1 0 1 1 1 1 1 1 1 1 1 1 1 1 1 1 1 1 1 1 1 1 1 0 1 1 1 0 0 0 1 0 1 1 0 1 0
 1 0 0]"
20,0.9999993360508762,"[1 1 1 1 1 1 1 1 1 1 1 1 1 1 1 1 1 1 1 1 1 1 1 0 1 1 1 0 0 0 1 0 1 1 0 1 0
 1 0 1]"
20,0.9999992360065233,"[1 1 1 1 1 1 1 1 1 1 1 1 1 1 1 1 1 1 1 1 1 1 1 0 1 0 1 1 0 1 1 1 1 1 0 1 1
 1 0 1]"
20,0.9999993360508762,"[1 1 1 1 1 1 1 1 1 1 1 1 1 1 1 1 1 1 1 1 1 1 1 0 1 1 1 0 0 0 1 0 1 1 0 1 0
 1 0 1]"
20,0.9999991964253417,"[1 1 1 1 1 1 1 1 1 1 1 1 1 1 1 1 1 1 1 1 1 1 1 0 1 0 1 0 0 1 1 0 1 1 0 1 1
 1 0 1]"
20,0.9999991818734372,"[1 1 1 1 1 1 1 1 1 1 1 1 1 1 1 1 1 1 1 1 1 1 1 0 1 0 1 0 0 0 0 0 1 0 0 1 1
 1 0 1]"
20,0.9999991871121228,"[1 1 1 1 1 1 1 1 1 1 1 1 1 1 1 1 1 1 1 1 1 1 1 0 1 0 1 0 0 0 1 0 1 1 0 1 1
 1 0 1]"
20,0.9999993360508762,"[1 1 1 1 1 1 1 1 1 1 1 1 1 1 1 1 1 1 1 1 1 1 1 0 1 1 1 0 0 0 1 0 1 1 0 1 0
 1 0 1]"
20,0.9999991964253417,"[1 1 1 1 1 1 1 1 1 1 1 1 1 1 1 1 1 1 1 1 1 1 1 0 1 0 1 0 0 1 1 0 1 1 0 1 1
 1 0 1]"
20,0.9999991871121228,"[1 1 1 1 1 1 1 1 1 1 1 1 1 1 1 1 1 1 1 1 1 1 1 0 1 0 1 0 0 0 1 0 1 1 0 1 1
 1 0 1]"
20,0.9999991964253417,"[1 1 1 1 1 1 1 1 1 1 1 1 1 1 1 1 1 1 1 1 1 1 1 0 1 0 1 0 0 1 1 0 1 1 0 1 1
 1 0 1]"
20,0.9999992336782184,"[1 1 1 1 1 1 1 1 1 1 1 1 1 1 1 1 1 1 1 1 1 1 1 0 1 0 1 1 0 1 1 0 1 1 0 1 1
 1 0 1]"
20,0.9999991964253417,"[1 1 1 1 1 1 1 1 1 1 1 1 1 1 1 1 1 1 1 1 1 1 1 0 1 0 1 0 0 1 1 0 1 1 0 1 1
 1 0 1]"
20,0.9999944187542611,"[1 1 1 1 1 1 1 1 1 1 1 1 1 1 1 1 1 1 1 1 0 1 1 0 1 0 1 0 0 0 1 0 1 1 0 1 1
 1 0 1]"
20,0.9999992336782184,"[1 1 1 1 1 1 1 1 1 1 1 1 1 1 1 1 1 1 1 1 1 1 1 0 1 0 1 1 0 1 1 0 1 1 0 1 1
 1 0 1]"
20,0.9999991963889621,"[1 1 1 1 1 1 1 1 1 1 1 1 1 1 1 1 1 1 1 1 1 1 1 0 1 0 1 0 0 1 1 0 1 1 0 1 1
 0 0 1]"
20,0.9245643791278373,"[1 1 1 1 1 1 0 1 1 1 1 1 1 1 1 1 1 1 1 1 1 1 1 0 1 0 1 0 0 0 1 0 1 1 0 1 1
 1 1 1]"
20,0.9999991871303127,"[1 1 1 1 1 1 1 1 1 1 1 1 1 1 1 1 1 1 1 1 1 1 1 0 1 0 1 0 0 0 1 0 1 1 0 1 1
 1 1 1]"
20,0.9999991964253417,"[1 1 1 1 1 1 1 1 1 1 1 1 1 1 1 1 1 1 1 1 1 1 1 0 1 0 1 0 0 1 1 0 1 1 0 1 1
 1 0 1]"
20,0.9996939044169071,"[1 1 1 1 1 1 1 1 1 1 1 1 1 1 0 1 1 1 1 1 1 1 1 0 0 1 1 0 0 0 1 0 1 1 0 1 0
 1 0 1]"
20,0.9999993360508762,"[1 1 1 1 1 1 1 1 1 1 1 1 1 1 1 1 1 1 1 1 1 1 1 0 1 1 1 0 0 0 1 0 1 1 0 1 0
 1 0 1]"
20,0.9999991873394963,"[1 1 1 1 1 1 1 1 1 1 1 1 1 1 1 1 1 1 1 1 1 1 1 0 1 0 1 0 0 0 1 0 1 1 1 1 0
 1 1 0]"
20,0.9999992336782184,"[1 1 1 1 1 1 1 1 1 1 1 1 1 1 1 1 1 1 1 1 1 1 1 0 1 0 1 1 0 1 1 0 1 1 0 1 1
 1 0 1]"
20,0.9999991871121228,"[1 1 1 1 1 1 1 1 1 1 1 1 1 1 1 1 1 1 1 1 1 1 1 0 1 0 1 0 0 0 1 0 1 1 0 1 1
 1 0 1]"
20,0.9999993360508762,"[1 1 1 1 1 1 1 1 1 1 1 1 1 1 1 1 1 1 1 1 1 1 1 0 1 1 1 0 0 0 1 0 1 1 0 1 0
 1 0 1]"
20,0.9999993360508762,"[1 1 1 1 1 1 1 1 1 1 1 1 1 1 1 1 1 1 1 1 1 1 1 0 1 1 1 0 0 0 1 0 1 1 0 1 0
 1 0 1]"
step,fitness,genome
21,0.9999997831582944,"[1 1 1 1 1 1 1 1 1 1 1 1 1 1 1 1 1 1 1 1 1 1 1 1 1 0 1 0 0 0 1 0 1 1 0 1 1
 1 0 1]"
21,0.999999345436856,"[1 1 1 1 1 1 1 1 1 1 1 1 1 1 1 1 1 1 1 1 1 1 1 0 1 1 1 0 0 1 1 0 1 1 0 1 1
 1 0 1]"
21,0.7279756577412035,"[1 1 1 1 0 1 1 1 1 1 1 1 1 1 1 1 1 1 1 1 1 1 1 0 1 1 1 0 0 0 1 0 1 1 0 1 0
 1 0 1]"
21,0.9999993361236357,"[1 1 1 1 1 1 1 1 1 1 1 1 1 1 1 1 1 1 1 1 1 1 1 0 1 1 1 0 0 0 1 0 1 1 0 1 1
 1 0 1]"
21,0.9999993733037575,"[1 1 1 1 1 1 1 1 1 1 1 1 1 1 1 1 1 1 1 1 1 1 1 0 1 1 1 1 0 0 1 0 1 1 0 1 0
 1 0 1]"
21,0.9999981439593325,"[1 1 1 1 1 1 1 1 1 1 1 1 1 1 1 1 1 1 1 1 1 1 0 0 1 1 1 0 0 0 1 0 1 1 0 1 0
 1 0 1]"
21,0.999999345436856,"[1 1 1 1 1 1 1 1 1 1 1 1 1 1 1 1 1 1 1 1 1 1 1 0 1 1 1 0 0 1 1 0 1 1 0 1 1
 1 0 1]"
21,0.9999993547500763,"[1 1 1 1 1 1 1 1 1 1 1 1 1 1 1 1 1 1 1 1 1 1 1 0 1 1 1 0 1 0 1 0 1 1 0 1 1
 1 0 1]"
21,0.9999993360508762,"[1 1 1 1 1 1 1 1 1 1 1 1 1 1 1 1 1 1 1 1 1 1 1 0 1 1 1 0 0 0 1 0 1 1 0 1 0
 1 0 1]"
21,0.9999969704954683,"[1 1 1 1 1 1 1 1 1 1 1 1 1 1 1 1 1 1 1 1 1 0 1 0 1 1 1 0 1 0 1 0 1 1 0 1 0
 1 0 1]"
21,0.9999993360508762,"[1 1 1 1 1 1 1 1 1 1 1 1 1 1 1 1 1 1 1 1 1 1 1 0 1 1 1 0 0 0 1 0 1 1 0 1 0
 1 0 1]"
21,0.9999998017847423,"[1 1 1 1 1 1 1 1 1 1 1 1 1 1 1 1 1 1 1 1 1 1 1 1 1 0 1 0 1 0 1 0 1 1 0 1 1
 1 0 1]"
21,0.999989799354338,"[1 1 1 1 1 1 1 1 1 1 1 1 1 1 1 1 1 1 1 0 1 1 1 0 1 1 1 0 0 0 1 0 1 1 0 1 0
 1 0 1]"
21,0.998779303988977,"[1 1 1 1 1 1 1 1 1 1 1 1 0 1 1 1 1 1 1 1 1 1 1 0 1 1 1 0 0 0 1 0 1 1 0 1 0
 1 0 1]"
21,0.9999802627396537,"[1 1 1 1 1 1 1 1 1 1 1 1 1 1 1 1 1 1 0 1 1 1 1 0 1 1 1 0 0 0 1 0 1 1 0 1 0
 1 0 1]"
21,0.9999993360508762,"[1 1 1 1 1 1 1 1 1 1 1 1 1 1 1 1 1 1 1 1 1 1 1 0 1 1 1 0 0 0 1 0 1 1 0 1 0
 1 0 1]"
21,0.9999993360508762,"[1 1 1 1 1 1 1 1 1 1 1 1 1 1 1 1 1 1 1 1 1 1 1 0 1 1 1 0 0 0 1 0 1 1 0 1 0
 1 0 1]"
21,0.9999991964435316,"[1 1 1 1 1 1 1 1 1 1 1 1 1 1 1 1 1 1 1 1 1 1 1 0 1 0 1 0 0 1 1 0 1 1 0 1 1
 1 1 1]"
21,0.9999993360508762,"[1 1 1 1 1 1 1 1 1 1 1 1 1 1 1 1 1 1 1 1 1 1 1 0 1 1 1 0 0 0 1 0 1 1 0 1 0
 1 0 1]"
21,0.9999993360508762,"[1 1 1 1 1 1 1 1 1 1 1 1 1 1 1 1 1 1 1 1 1 1 1 0 1 1 1 0 0 0 1 0 1 1 0 1 0
 1 0 1]"
21,0.9999997831582944,"[1 1 1 1 1 1 1 1 1 1 1 1 1 1 1 1 1 1 1 1 1 1 1 1 1 0 1 0 0 0 1 0 1 1 0 1 1
 1 0 1]"
21,0.9999993360508762,"[1 1 1 1 1 1 1 1 1 1 1 1 1 1 1 1 1 1 1 1 1 1 1 0 1 1 1 0 0 0 1 0 1 1 0 1 0
 1 0 1]"
21,0.9999993360508762,"[1 1 1 1 1 1 1 1 1 1 1 1 1 1 1 1 1 1 1 1 1 1 1 0 1 1 1 0 0 0 1 0 1 1 0 1 0
 1 0 1]"
21,0.9902765206399144,"[1 1 1 1 1 1 1 1 1 0 1 1 1 1 1 1 1 1 1 1 1 1 1 0 1 1 1 0 0 0 1 0 1 1 0 1 0
 1 0 1]"
21,0.9999993361236357,"[1 1 1 1 1 1 1 1 1 1 1 1 1 1 1 1 1 1 1 1 1 1 1 0 1 1 1 0 0 0 1 0 1 1 0 1 1
 1 0 1]"
21,0.9999991870393633,"[1 1 1 1 1 1 1 1 1 1 1 1 1 1 1 1 1 1 1 1 1 1 1 0 1 0 1 0 0 0 1 0 1 1 0 1 0
 1 0 1]"
21,0.9999991871121228,"[1 1 1 1 1 1 1 1 1 1 1 1 1 1 1 1 1 1 1 1 1 1 1 0 1 0 1 0 0 0 1 0 1 1 0 1 1
 1 0 1]"
21,0.9999993733037575,"[1 1 1 1 1 1 1 1 1 1 1 1 1 1 1 1 1 1 1 1 1 1 1 0 1 1 1 1 0 0 1 0 1 1 0 1 0
 1 0 1]"
21,0.9999993360508762,"[1 1 1 1 1 1 1 1 1 1 1 1 1 1 1 1 1 1 1 1 1 1 1 0 1 1 1 0 0 0 1 0 1 1 0 1 0
 1 0 1]"
21,0.9999993360508762,"[1 1 1 1 1 1 1 1 1 1 1 1 1 1 1 1 1 1 1 1 1 1 1 0 1 1 1 0 0 0 1 0 1 1 0 1 0
 1 0 1]"
21,0.9993891524637857,"[1 1 1 1 1 1 1 1 1 1 1 1 1 0 1 1 1 1 1 1 1 1 1 0 1 1 1 0 0 0 1 0 1 1 0 1 0
 1 0 1]"
21,0.9999993457278941,"[1 1 1 1 1 1 1 1 1 1 1 1 1 1 1 1 1 1 1 1 1 1 1 0 1 1 1 0 0 1 1 0 1 1 1 1 1
 1 0 1]"
21,0.9975606582583371,"[1 1 1 1 1 1 1 1 1 1 1 0 1 1 1 1 1 1 1 1 1 1 1 0 1 1 1 1 0 1 1 0 1 1 0 1 1
 1 0 1]"
21,0.9999610501351032,"[1 1 1 1 1 1 1 1 1 1 1 1 1 1 1 1 1 0 1 1 1 1 1 0 1 0 1 0 0 1 1 0 1 1 0 1 1
 1 0 1]"
21,0.9999997831582944,"[1 1 1 1 1 1 1 1 1 1 1 1 1 1 1 1 1 1 1 1 1 1 1 1 1 0 1 0 0 0 1 0 1 1 0 1 1
 1 0 1]"
21,0.9999993361418256,"[1 1 1 1 1 1 1 1 1 1 1 1 1 1 1 1 1 1 1 1 1 1 1 0 1 1 1 0 0 0 1 0 1 1 0 1 1
 1 1 1]"
21,0.9999992336782184,"[1 1 1 1 1 1 1 1 1 1 1 1 1 1 1 1 1 1 1 1 1 1 1 0 1 0 1 1 0 1 1 0 1 1 0 1 1
 1 0 1]"
21,0.9999997831491995,"[1 1 1 1 1 1 1 1 1 1 1 1 1 1 1 1 1 1 1 1 1 1 1 1 1 0 1 0 0 0 1 0 1 1 0 1 1
 1 0 0]"
21,0.9999993360508762,"[1 1 1 1 1 1 1 1 1 1 1 1 1 1 1 1 1 1 1 1 1 1 1 0 1 1 1 0 0 0 1 0 1 1 0 1 0
 1 0 1]"
21,0.26307551096833703,"[1 1 0 1 1 1 1 1 1 1 1 1 1 1 1 1 1 1 1 1 1 1 1 1 1 0 1 0 0 0 1 0 1 1 0 1 1
 1 0 1]"
21,0.9999993360508762,"[1 1 1 1 1 1 1 1 1 1 1 1 1 1 1 1 1 1 1 1 1 1 1 0 1 1 1 0 0 0 1 0 1 1 0 1 0
 1 0 1]"
21,0.999999345436856,"[1 1 1 1 1 1 1 1 1 1 1 1 1 1 1 1 1 1 1 1 1 1 1 0 1 1 1 0 0 1 1 0 1 1 0 1 1
 1 0 1]"
21,0.9999993383973711,"[1 1 1 1 1 1 1 1 1 1 1 1 1 1 1 1 1 1 1 1 1 1 1 0 1 1 1 0 0 0 1 1 1 1 0 1 0
 1 1 1]"
21,0.9999991870757431,"[1 1 1 1 1 1 1 1 1 1 1 1 1 1 1 1 1 1 1 1 1 1 1 0 1 0 1 0 0 0 1 0 1 1 0 1 1
 0 0 1]"
21,0.999388407888313,"[1 1 1 1 1 1 1 1 1 1 1 1 1 0 1 1 1 1 1 1 1 1 0 1 1 0 1 0 0 0 1 0 1 1 0 1 1
 1 0 1]"
21,0.9999993457278941,"[1 1 1 1 1 1 1 1 1 1 1 1 1 1 1 1 1 1 1 1 1 1 1 0 1 1 1 0 0 1 1 0 1 1 1 1 1
 1 0 1]"
21,0.9999993360508762,"[1 1 1 1 1 1 1 1 1 1 1 1 1 1 1 1 1 1 1 1 1 1 1 0 1 1 1 0 0 0 1 0 1 1 0 1 0
 1 0 1]"
21,0.9999993540952404,"[1 1 1 1 1 1 1 1 1 1 1 1 1 1 1 1 1 1 1 1 1 1 1 0 1 1 1 0 1 0 1 0 1 0 0 1 0
 1 0 1]"
21,0.9999993360508762,"[1 1 1 1 1 1 1 1 1 1 1 1 1 1 1 1 1 1 1 1 1 1 1 0 1 1 1 0 0 0 1 0 1 1 0 1 0
 1 0 1]"
21,0.9999997831582944,"[1 1 1 1 1 1 1 1 1 1 1 1 1 1 1 1 1 1 1 1 1 1 1 1 1 0 1 0 0 0 1 0 1 1 0 1 1
 1 0 1]"
21,0.9999229237796554,"[1 1 1 1 1 1 1 1 1 1 1 1 1 1 1 1 0 1 1 1 1 1 1 0 1 0 1 0 1 1 1 0 1 1 0 1 1
 1 0 1]"
21,0.9999993360508762,"[1 1 1 1 1 1 1 1 1 1 1 1 1 1 1 1 1 1 1 1 1 1 1 0 1 1 1 0 0 0 1 0 1 1 0 1 0
 1 0 1]"
21,0.9999993733037575,"[1 1 1 1 1 1 1 1 1 1 1 1 1 1 1 1 1 1 1 1 1 1 1 0 1 1 1 1 0 0 1 0 1 1 0 1 0
 1 0 1]"
21,0.9999993360508762,"[1 1 1 1 1 1 1 1 1 1 1 1 1 1 1 1 1 1 1 1 1 1 1 0 1 1 1 0 0 0 1 0 1 1 0 1 0
 1 0 1]"
21,0.9999993360508762,"[1 1 1 1 1 1 1 1 1 1 1 1 1 1 1 1 1 1 1 1 1 1 1 0 1 1 1 0 0 0 1 0 1 1 0 1 0
 1 0 1]"
21,0.9996942023762533,"[1 1 1 1 1 1 1 1 1 1 1 1 1 1 0 1 1 1 1 1 1 1 1 0 1 1 1 0 0 0 1 0 1 1 0 1 0
 1 1 1]"
21,0.05558449804613906,"[1 0 1 1 1 1 1 1 1 0 1 1 1 1 1 1 1 1 1 1 1 1 1 0 1 1 1 0 0 0 1 0 1 1 0 1 0
 1 1 1]"
21,0.8542902735549694,"[1 1 1 1 1 0 1 1 1 1 1 1 1 1 1 1 1 1 1 1 1 1 1 0 1 1 1 0 0 0 1 0 1 1 0 1 0
 1 0 1]"
21,0.9999993360508762,"[1 1 1 1 1 1 1 1 1 1 1 1 1 1 1 1 1 1 1 1 1 1 1 0 1 1 1 0 0 0 1 0 1 1 0 1 0
 1 0 1]"
21,0.9999993360508762,"[1 1 1 1 1 1 1 1 1 1 1 1 1 1 1 1 1 1 1 1 1 1 1 0 1 1 1 0 0 0 1 0 1 1 0 1 0
 1 0 1]"
21,0.9999992336782184,"[1 1 1 1 1 1 1 1 1 1 1 1 1 1 1 1 1 1 1 1 1 1 1 0 1 0 1 1 0 1 1 0 1 1 0 1 1
 1 0 1]"
21,0.9999993360508762,"[1 1 1 1 1 1 1 1 1 1 1 1 1 1 1 1 1 1 1 1 1 1 1 0 1 1 1 0 0 0 1 0 1 1 0 1 0
 1 0 1]"
21,0.9999991963889621,"[1 1 1 1 1 1 1 1 1 1 1 1 1 1 1 1 1 1 1 1 1 1 1 0 1 0 1 0 0 1 1 0 1 1 0 1 1
 0 0 1]"
21,0.9999993360508762,"[1 1 1 1 1 1 1 1 1 1 1 1 1 1 1 1 1 1 1 1 1 1 1 0 1 1 1 0 0 0 1 0 1 1 0 1 0
 1 0 1]"
21,0.9999897981901954,"[1 1 1 1 1 1 1 1 1 1 1 1 1 1 1 1 1 1 1 0 1 1 1 0 1 1 1 0 0 0 1 0 0 1 0 1 0
 1 0 1]"
21,0.9999993360508762,"[1 1 1 1 1 1 1 1 1 1 1 1 1 1 1 1 1 1 1 1 1 1 1 0 1 1 1 0 0 0 1 0 1 1 0 1 0
 1 0 1]"
21,0.9999991964435316,"[1 1 1 1 1 1 1 1 1 1 1 1 1 1 1 1 1 1 1 1 1 1 1 0 1 0 1 0 0 1 1 0 1 1 0 1 1
 1 1 1]"
21,0.9999993360508762,"[1 1 1 1 1 1 1 1 1 1 1 1 1 1 1 1 1 1 1 1 1 1 1 0 1 1 1 0 0 0 1 0 1 1 0 1 0
 1 0 1]"
21,0.9999993360508762,"[1 1 1 1 1 1 1 1 1 1 1 1 1 1 1 1 1 1 1 1 1 1 1 0 1 1 1 0 0 0 1 0 1 1 0 1 0
 1 0 1]"
21,0.9999991963889621,"[1 1 1 1 1 1 1 1 1 1 1 1 1 1 1 1 1 1 1 1 1 1 1 0 1 0 1 0 0 1 1 0 1 1 0 1 1
 0 0 1]"
21,0.9999993360508762,"[1 1 1 1 1 1 1 1 1 1 1 1 1 1 1 1 1 1 1 1 1 1 1 0 1 1 1 0 0 0 1 0 1 1 0 1 0
 1 0 1]"
21,0.9999992336782184,"[1 1 1 1 1 1 1 1 1 1 1 1 1 1 1 1 1 1 1 1 1 1 1 0 1 0 1 1 0 1 1 0 1 1 0 1 1
 1 0 1]"
21,0.9999991871121228,"[1 1 1 1 1 1 1 1 1 1 1 1 1 1 1 1 1 1 1 1 1 1 1 0 1 0 1 0 0 0 1 0 1 1 0 1 1
 1 0 1]"
21,0.9999992330961422,"[1 1 1 1 1 1 1 1 1 1 1 1 1 1 1 1 1 1 1 1 1 1 1 0 1 0 1 1 0 1 1 0 1 0 0 1 1
 1 0 1]"
21,0.9999997831582944,"[1 1 1 1 1 1 1 1 1 1 1 1 1 1 1 1 1 1 1 1 1 1 1 1 1 0 1 0 0 0 1 0 1 1 0 1 1
 1 0 1]"
21,0.9999993360508762,"[1 1 1 1 1 1 1 1 1 1 1 1 1 1 1 1 1 1 1 1 1 1 1 0 1 1 1 0 0 0 1 0 1 1 0 1 0
 1 0 1]"
21,0.9999997831582944,"[1 1 1 1 1 1 1 1 1 1 1 1 1 1 1 1 1 1 1 1 1 1 1 1 1 0 1 0 0 0 1 0 1 1 0 1 1
 1 0 1]"
21,0.9999993360690661,"[1 1 1 1 1 1 1 1 1 1 1 1 1 1 1 1 1 1 1 1 1 1 1 0 1 1 1 0 0 0 1 0 1 1 0 1 0
 1 1 1]"
21,0.9999991917687323,"[1 1 1 1 1 1 1 1 1 1 1 1 1 1 1 1 1 1 1 1 1 1 1 0 1 0 1 0 0 1 0 0 1 1 0 1 1
 1 0 1]"
21,0.9999992150517799,"[1 1 1 1 1 1 1 1 1 1 1 1 1 1 1 1 1 1 1 1 1 1 1 0 1 0 1 0 1 1 1 0 1 1 0 1 1
 1 0 1]"
21,0.9999991871121228,"[1 1 1 1 1 1 1 1 1 1 1 1 1 1 1 1 1 1 1 1 1 1 1 0 1 0 1 0 0 0 1 0 1 1 0 1 1
 1 0 1]"
21,0.9999993360508762,"[1 1 1 1 1 1 1 1 1 1 1 1 1 1 1 1 1 1 1 1 1 1 1 0 1 1 1 0 0 0 1 0 1 1 0 1 0
 1 0 1]"
21,0.9999993361236357,"[1 1 1 1 1 1 1 1 1 1 1 1 1 1 1 1 1 1 1 1 1 1 1 0 1 1 1 0 0 0 1 0 1 1 0 1 1
 1 0 1]"
21,0.9999991963525823,"[1 1 1 1 1 1 1 1 1 1 1 1 1 1 1 1 1 1 1 1 1 1 1 0 1 0 1 0 0 1 1 0 1 1 0 1 0
 1 0 1]"
21,0.9999993313942661,"[1 1 1 1 1 1 1 1 1 1 1 1 1 1 1 1 1 1 1 1 1 1 1 0 1 1 1 0 0 0 0 0 1 1 0 1 0
 1 0 1]"
21,0.9999993360508762,"[1 1 1 1 1 1 1 1 1 1 1 1 1 1 1 1 1 1 1 1 1 1 1 0 1 1 1 0 0 0 1 0 1 1 0 1 0
 1 0 1]"
21,0.9999991964253417,"[1 1 1 1 1 1 1 1 1 1 1 1 1 1 1 1 1 1 1 1 1 1 1 0 1 0 1 0 0 1 1 0 1 1 0 1 1
 1 0 1]"
21,0.9999991962980126,"[1 1 1 1 1 1 1 1 1 1 1 1 1 1 1 1 1 1 1 1 1 1 1 0 1 0 1 0 0 1 1 0 1 1 0 0 1
 1 1 1]"
21,0.9999991964253417,"[1 1 1 1 1 1 1 1 1 1 1 1 1 1 1 1 1 1 1 1 1 1 1 0 1 0 1 0 0 1 1 0 1 1 0 1 1
 1 0 1]"
21,0.9999993360508762,"[1 1 1 1 1 1 1 1 1 1 1 1 1 1 1 1 1 1 1 1 1 1 1 0 1 1 1 0 0 0 1 0 1 1 0 1 0
 1 0 1]"
21,0.9999993360508762,"[1 1 1 1 1 1 1 1 1 1 1 1 1 1 1 1 1 1 1 1 1 1 1 0 1 1 1 0 0 0 1 0 1 1 0 1 0
 1 0 1]"
21,0.9999993453640964,"[1 1 1 1 1 1 1 1 1 1 1 1 1 1 1 1 1 1 1 1 1 1 1 0 1 1 1 0 0 1 1 0 1 1 0 1 0
 1 0 1]"
21,0.9999991964253417,"[1 1 1 1 1 1 1 1 1 1 1 1 1 1 1 1 1 1 1 1 1 1 1 0 1 0 1 0 0 1 1 0 1 1 0 1 1
 1 0 1]"
21,0.9999998296880352,"[1 1 1 1 1 1 1 1 1 1 1 1 1 1 1 1 1 1 1 1 1 1 1 1 1 0 1 1 0 1 1 0 1 1 0 1 1
 0 0 1]"
21,0.9999993360508762,"[1 1 1 1 1 1 1 1 1 1 1 1 1 1 1 1 1 1 1 1 1 1 1 0 1 1 1 0 0 0 1 0 1 1 0 1 0
 1 0 1]"
21,0.9999993360508762,"[1 1 1 1 1 1 1 1 1 1 1 1 1 1 1 1 1 1 1 1 1 1 1 0 1 1 1 0 0 0 1 0 1 1 0 1 0
 1 0 1]"
21,0.9993844234472119,"[1 1 1 1 1 1 1 1 1 1 1 1 1 0 1 1 1 1 1 1 0 1 1 0 1 1 1 1 0 0 1 0 1 0 0 1 1
 1 0 1]"
21,0.9999992242922396,"[1 1 1 1 1 1 1 1 1 1 1 1 1 1 1 1 1 1 1 1 1 1 1 0 1 0 1 1 0 0 1 0 1 1 0 1 0
 1 0 1]"
21,0.9999802627396537,"[1 1 1 1 1 1 1 1 1 1 1 1 1 1 1 1 1 1 0 1 1 1 1 0 1 1 1 0 0 0 1 0 1 1 0 1 0
 1 0 1]"
21,0.5244601088697521,"[1 1 1 0 1 1 1 1 1 1 1 1 1 1 1 1 1 1 1 1 1 1 1 0 1 1 1 0 0 1 1 0 1 1 0 1 1
 1 0 1]"
step,fitness,genome
22,0.9999998017847423,"[1 1 1 1 1 1 1 1 1 1 1 1 1 1 1 1 1 1 1 1 1 1 1 1 1 0 1 0 1 0 1 0 1 1 0 1 1
 1 0 1]"
22,0.9999997831582944,"[1 1 1 1 1 1 1 1 1 1 1 1 1 1 1 1 1 1 1 1 1 1 1 1 1 0 1 0 0 0 1 0 1 1 0 1 1
 1 0 1]"
22,0.7279720885660018,"[1 1 1 1 0 1 1 1 1 1 1 1 1 1 1 1 1 1 1 1 0 1 1 0 1 1 1 0 1 0 1 0 1 1 0 1 1
 1 0 1]"
22,0.9999993360508762,"[1 1 1 1 1 1 1 1 1 1 1 1 1 1 1 1 1 1 1 1 1 1 1 0 1 1 1 0 0 0 1 0 1 1 0 1 0
 1 0 1]"
22,0.9999993733037575,"[1 1 1 1 1 1 1 1 1 1 1 1 1 1 1 1 1 1 1 1 1 1 1 0 1 1 1 1 0 0 1 0 1 1 0 1 0
 1 0 1]"
22,0.9999993360508762,"[1 1 1 1 1 1 1 1 1 1 1 1 1 1 1 1 1 1 1 1 1 1 1 0 1 1 1 0 0 0 1 0 1 1 0 1 0
 1 0 1]"
22,0.9999993360508762,"[1 1 1 1 1 1 1 1 1 1 1 1 1 1 1 1 1 1 1 1 1 1 1 0 1 1 1 0 0 0 1 0 1 1 0 1 0
 1 0 1]"
22,0.9999993363419143,"[1 1 1 1 1 1 1 1 1 1 1 1 1 1 1 1 1 1 1 1 1 1 1 0 1 1 1 0 0 0 1 0 1 1 1 1 0
 1 0 1]"
22,0.9999993540952404,"[1 1 1 1 1 1 1 1 1 1 1 1 1 1 1 1 1 1 1 1 1 1 1 0 1 1 1 0 1 0 1 0 1 0 0 1 0
 1 0 1]"
22,0.9999802724165054,"[1 1 1 1 1 1 1 1 1 1 1 1 1 1 1 1 1 1 0 1 1 1 1 0 1 1 1 0 0 1 1 0 1 1 1 1 1
 1 0 1]"
22,0.9999993919301987,"[1 1 1 1 1 1 1 1 1 1 1 1 1 1 1 1 1 1 1 1 1 1 1 0 1 1 1 1 1 0 1 0 1 1 0 1 0
 1 0 1]"
22,0.9999998296880352,"[1 1 1 1 1 1 1 1 1 1 1 1 1 1 1 1 1 1 1 1 1 1 1 1 1 0 1 1 0 1 1 0 1 1 0 1 1
 0 0 1]"
22,0.9999993383973711,"[1 1 1 1 1 1 1 1 1 1 1 1 1 1 1 1 1 1 1 1 1 1 1 0 1 1 1 0 0 0 1 1 1 1 0 1 0
 1 1 1]"
22,0.9999993363419143,"[1 1 1 1 1 1 1 1 1 1 1 1 1 1 1 1 1 1 1 1 1 1 1 0 1 1 1 0 0 0 1 0 1 1 1 1 0
 1 0 1]"
22,0.9999993383973711,"[1 1 1 1 1 1 1 1 1 1 1 1 1 1 1 1 1 1 1 1 1 1 1 0 1 1 1 0 0 0 1 1 1 1 0 1 0
 1 1 1]"
22,0.9999997831219146,"[1 1 1 1 1 1 1 1 1 1 1 1 1 1 1 1 1 1 1 1 1 1 1 1 1 0 1 0 0 0 1 0 1 1 0 1 1
 0 0 1]"
22,0.9999993360508762,"[1 1 1 1 1 1 1 1 1 1 1 1 1 1 1 1 1 1 1 1 1 1 1 0 1 1 1 0 0 0 1 0 1 1 0 1 0
 1 0 1]"
22,0.9999993360508762,"[1 1 1 1 1 1 1 1 1 1 1 1 1 1 1 1 1 1 1 1 1 1 1 0 1 1 1 0 0 0 1 0 1 1 0 1 0
 1 0 1]"
22,0.9999993360508762,"[1 1 1 1 1 1 1 1 1 1 1 1 1 1 1 1 1 1 1 1 1 1 1 0 1 1 1 0 0 0 1 0 1 1 0 1 0
 1 0 1]"
22,0.9999997831582944,"[1 1 1 1 1 1 1 1 1 1 1 1 1 1 1 1 1 1 1 1 1 1 1 1 1 0 1 0 0 0 1 0 1 1 0 1 1
 1 0 1]"
22,0.9999993547500763,"[1 1 1 1 1 1 1 1 1 1 1 1 1 1 1 1 1 1 1 1 1 1 1 0 1 1 1 0 1 0 1 0 1 1 0 1 1
 1 0 1]"
22,0.9999993457278941,"[1 1 1 1 1 1 1 1 1 1 1 1 1 1 1 1 1 1 1 1 1 1 1 0 1 1 1 0 0 1 1 0 1 1 1 1 1
 1 0 1]"
22,0.9999993360508762,"[1 1 1 1 1 1 1 1 1 1 1 1 1 1 1 1 1 1 1 1 1 1 1 0 1 1 1 0 0 0 1 0 1 1 0 1 0
 1 0 1]"
22,0.9999997831582944,"[1 1 1 1 1 1 1 1 1 1 1 1 1 1 1 1 1 1 1 1 1 1 1 1 1 0 1 0 0 0 1 0 1 1 0 1 1
 1 0 1]"
22,0.9999993360508762,"[1 1 1 1 1 1 1 1 1 1 1 1 1 1 1 1 1 1 1 1 1 1 1 0 1 1 1 0 0 0 1 0 1 1 0 1 0
 1 0 1]"
22,0.9999997831582944,"[1 1 1 1 1 1 1 1 1 1 1 1 1 1 1 1 1 1 1 1 1 1 1 1 1 0 1 0 0 0 1 0 1 1 0 1 1
 1 0 1]"
22,0.9999997831582944,"[1 1 1 1 1 1 1 1 1 1 1 1 1 1 1 1 1 1 1 1 1 1 1 1 1 0 1 0 0 0 1 0 1 1 0 1 1
 1 0 1]"
22,0.9245645266450253,"[1 1 1 1 1 1 0 1 1 1 1 1 1 1 1 1 1 1 1 1 1 1 1 0 1 1 1 0 0 1 1 0 1 1 0 1 1
 1 0 1]"
22,0.9999999507963377,"[1 1 1 1 1 1 1 1 1 1 1 1 1 1 1 1 1 1 1 1 1 1 1 1 1 1 1 0 1 0 1 0 1 1 0 1 1
 1 0 1]"
22,0.9999998296880352,"[1 1 1 1 1 1 1 1 1 1 1 1 1 1 1 1 1 1 1 1 1 1 1 1 1 0 1 1 0 1 1 0 1 1 0 1 1
 0 0 1]"
22,0.9902718036197473,"[1 1 1 1 1 1 1 1 1 0 1 1 1 1 1 1 1 1 1 1 0 1 1 0 1 1 1 0 0 1 1 0 1 1 1 1 1
 1 0 1]"
22,0.9999997831582944,"[1 1 1 1 1 1 1 1 1 1 1 1 1 1 1 1 1 1 1 1 1 1 1 1 1 0 1 0 0 0 1 0 1 1 0 1 1
 1 0 1]"
22,0.9999993735947956,"[1 1 1 1 1 1 1 1 1 1 1 1 1 1 1 1 1 1 1 1 1 1 1 0 1 1 1 1 0 0 1 0 1 1 1 1 0
 1 0 1]"
22,0.9951260544779963,"[1 1 1 1 1 1 1 1 1 1 0 1 1 1 1 1 1 1 1 1 1 1 0 0 1 1 1 0 0 0 1 0 1 1 0 1 0
 1 0 1]"
22,0.999999345436856,"[1 1 1 1 1 1 1 1 1 1 1 1 1 1 1 1 1 1 1 1 1 1 1 0 1 1 1 0 0 1 1 0 1 1 0 1 1
 1 0 1]"
22,0.9999997831582944,"[1 1 1 1 1 1 1 1 1 1 1 1 1 1 1 1 1 1 1 1 1 1 1 1 1 0 1 0 0 0 1 0 1 1 0 1 1
 1 0 1]"
22,0.9999993733765171,"[1 1 1 1 1 1 1 1 1 1 1 1 1 1 1 1 1 1 1 1 1 1 1 0 1 1 1 1 0 0 1 0 1 1 0 1 1
 1 0 1]"
22,0.9999997830855348,"[1 1 1 1 1 1 1 1 1 1 1 1 1 1 1 1 1 1 1 1 1 1 1 1 1 0 1 0 0 0 1 0 1 1 0 1 0
 1 0 1]"
22,0.9999997830127753,"[1 1 1 1 1 1 1 1 1 1 1 1 1 1 1 1 1 1 1 1 1 1 1 1 1 0 1 0 0 0 1 0 1 1 0 0 1
 1 0 1]"
22,0.9975606117218536,"[1 1 1 1 1 1 1 1 1 1 1 0 1 1 1 1 1 1 1 1 1 1 1 0 1 1 1 0 0 0 1 0 1 1 0 1 0
 1 0 1]"
22,0.999999345436856,"[1 1 1 1 1 1 1 1 1 1 1 1 1 1 1 1 1 1 1 1 1 1 1 0 1 1 1 0 0 1 1 0 1 1 0 1 1
 1 0 1]"
22,0.9999993453640964,"[1 1 1 1 1 1 1 1 1 1 1 1 1 1 1 1 1 1 1 1 1 1 1 0 1 1 1 0 0 1 1 0 1 1 0 1 0
 1 0 1]"
22,0.9999997831582944,"[1 1 1 1 1 1 1 1 1 1 1 1 1 1 1 1 1 1 1 1 1 1 1 1 1 0 1 0 0 0 1 0 1 1 0 1 1
 1 0 1]"
22,0.9999993360508762,"[1 1 1 1 1 1 1 1 1 1 1 1 1 1 1 1 1 1 1 1 1 1 1 0 1 1 1 0 0 0 1 0 1 1 0 1 0
 1 0 1]"
22,0.9999993360508762,"[1 1 1 1 1 1 1 1 1 1 1 1 1 1 1 1 1 1 1 1 1 1 1 0 1 1 1 0 0 0 1 0 1 1 0 1 0
 1 0 1]"
22,0.924564517966546,"[1 1 1 1 1 1 0 1 1 1 1 1 1 1 1 1 1 1 1 1 1 1 1 0 1 1 1 0 0 0 1 0 1 1 0 1 1
 1 0 1]"
22,0.9999997831582944,"[1 1 1 1 1 1 1 1 1 1 1 1 1 1 1 1 1 1 1 1 1 1 1 1 1 0 1 0 0 0 1 0 1 1 0 1 1
 1 0 1]"
22,0.9999998204111907,"[1 1 1 1 1 1 1 1 1 1 1 1 1 1 1 1 1 1 1 1 1 1 1 1 1 0 1 1 0 0 1 0 1 1 0 1 1
 1 0 1]"
22,0.2630753793639791,"[1 1 0 1 1 1 1 1 1 1 1 1 1 1 1 1 1 1 1 1 1 1 1 0 1 1 1 0 0 1 1 0 1 1 0 1 1
 1 0 1]"
22,0.9999993360508762,"[1 1 1 1 1 1 1 1 1 1 1 1 1 1 1 1 1 1 1 1 1 1 1 0 1 1 1 0 0 0 1 0 1 1 0 1 0
 1 0 1]"
22,0.9200249732716617,"[1 1 1 1 1 1 0 1 1 1 0 1 1 1 1 1 1 1 1 1 1 1 1 1 1 0 1 0 0 0 1 0 1 1 0 1 1
 1 0 1]"
22,0.9999998017847423,"[1 1 1 1 1 1 1 1 1 1 1 1 1 1 1 1 1 1 1 1 1 1 1 1 1 0 1 0 1 0 1 0 1 1 0 1 1
 1 0 1]"
22,0.9999997831491995,"[1 1 1 1 1 1 1 1 1 1 1 1 1 1 1 1 1 1 1 1 1 1 1 1 1 0 1 0 0 0 1 0 1 1 0 1 1
 1 0 0]"
22,0.9999993540952404,"[1 1 1 1 1 1 1 1 1 1 1 1 1 1 1 1 1 1 1 1 1 1 1 0 1 1 1 0 1 0 1 0 1 0 0 1 0
 1 0 1]"
22,0.9999993360508762,"[1 1 1 1 1 1 1 1 1 1 1 1 1 1 1 1 1 1 1 1 1 1 1 0 1 1 1 0 0 0 1 0 1 1 0 1 0
 1 0 1]"
22,0.9999993361236357,"[1 1 1 1 1 1 1 1 1 1 1 1 1 1 1 1 1 1 1 1 1 1 1 0 1 1 1 0 0 0 1 0 1 1 0 1 1
 1 0 1]"
22,0.9999997831582944,"[1 1 1 1 1 1 1 1 1 1 1 1 1 1 1 1 1 1 1 1 1 1 1 1 1 0 1 0 0 0 1 0 1 1 0 1 1
 1 0 1]"
22,0.9999998296880352,"[1 1 1 1 1 1 1 1 1 1 1 1 1 1 1 1 1 1 1 1 1 1 1 1 1 0 1 1 0 1 1 0 1 1 0 1 1
 0 0 1]"
22,0.999989799354338,"[1 1 1 1 1 1 1 1 1 1 1 1 1 1 1 1 1 1 1 0 1 1 1 0 1 1 1 0 0 0 1 0 1 1 0 1 0
 1 0 1]"
22,0.5244601036190053,"[1 1 1 0 1 1 1 1 1 1 1 1 1 1 1 1 1 1 1 1 1 1 1 0 1 1 1 0 0 0 1 0 1 1 0 1 0
 1 0 1]"
22,0.9999997831582944,"[1 1 1 1 1 1 1 1 1 1 1 1 1 1 1 1 1 1 1 1 1 1 1 1 1 0 1 0 0 0 1 0 1 1 0 1 1
 1 0 1]"
22,0.999999345436856,"[1 1 1 1 1 1 1 1 1 1 1 1 1 1 1 1 1 1 1 1 1 1 1 0 1 1 1 0 0 1 1 0 1 1 0 1 1
 1 0 1]"
22,0.9999993361236357,"[1 1 1 1 1 1 1 1 1 1 1 1 1 1 1 1 1 1 1 1 1 1 1 0 1 1 1 0 0 0 1 0 1 1 0 1 1
 1 0 1]"
22,0.9999990936161398,"[1 1 1 1 1 1 1 1 1 1 1 1 1 1 1 1 1 1 1 1 1 1 1 0 0 1 1 1 1 0 1 0 1 0 1 1 0
 1 0 1]"
22,0.9999997831582944,"[1 1 1 1 1 1 1 1 1 1 1 1 1 1 1 1 1 1 1 1 1 1 1 1 1 0 1 0 0 0 1 0 1 1 0 1 1
 1 0 1]"
22,0.9999993360508762,"[1 1 1 1 1 1 1 1 1 1 1 1 1 1 1 1 1 1 1 1 1 1 1 0 1 1 1 0 0 0 1 0 1 1 0 1 0
 1 0 1]"
22,0.9999998297062251,"[1 1 1 1 1 1 1 1 1 1 1 1 1 1 1 1 1 1 1 1 1 1 1 1 1 0 1 1 0 1 1 0 1 1 0 1 1
 0 1 1]"
22,0.9999993360508762,"[1 1 1 1 1 1 1 1 1 1 1 1 1 1 1 1 1 1 1 1 1 1 1 0 1 1 1 0 0 0 1 0 1 1 0 1 0
 1 0 1]"
22,0.9999993360508762,"[1 1 1 1 1 1 1 1 1 1 1 1 1 1 1 1 1 1 1 1 1 1 1 0 1 1 1 0 0 0 1 0 1 1 0 1 0
 1 0 1]"
22,0.9999993540952404,"[1 1 1 1 1 1 1 1 1 1 1 1 1 1 1 1 1 1 1 1 1 1 1 0 1 1 1 0 1 0 1 0 1 0 0 1 0
 1 0 1]"
22,0.9999993732673778,"[1 1 1 1 1 1 1 1 1 1 1 1 1 1 1 1 1 1 1 1 1 1 1 0 1 1 1 1 0 0 1 0 1 1 0 1 0
 0 0 1]"
22,0.9999993360508762,"[1 1 1 1 1 1 1 1 1 1 1 1 1 1 1 1 1 1 1 1 1 1 1 0 1 1 1 0 0 0 1 0 1 1 0 1 0
 1 0 1]"
22,0.9999993383791812,"[1 1 1 1 1 1 1 1 1 1 1 1 1 1 1 1 1 1 1 1 1 1 1 0 1 1 1 0 0 0 1 1 1 1 0 1 0
 1 0 1]"
22,0.9999993383973711,"[1 1 1 1 1 1 1 1 1 1 1 1 1 1 1 1 1 1 1 1 1 1 1 0 1 1 1 0 0 0 1 1 1 1 0 1 0
 1 1 1]"
22,0.5244601088290487,"[1 1 1 0 1 1 1 1 1 1 1 1 1 1 1 1 1 1 1 1 1 1 1 0 1 1 1 0 0 1 1 0 1 1 0 1 0
 1 0 1]"
22,0.9999997831491995,"[1 1 1 1 1 1 1 1 1 1 1 1 1 1 1 1 1 1 1 1 1 1 1 1 1 0 1 0 0 0 1 0 1 1 0 1 1
 1 0 0]"
22,0.9999997831764843,"[1 1 1 1 1 1 1 1 1 1 1 1 1 1 1 1 1 1 1 1 1 1 1 1 1 0 1 0 0 0 1 0 1 1 0 1 1
 1 1 1]"
22,0.9999997831582944,"[1 1 1 1 1 1 1 1 1 1 1 1 1 1 1 1 1 1 1 1 1 1 1 1 1 0 1 0 0 0 1 0 1 1 0 1 1
 1 0 1]"
22,0.9999993733037575,"[1 1 1 1 1 1 1 1 1 1 1 1 1 1 1 1 1 1 1 1 1 1 1 0 1 1 1 1 0 0 1 0 1 1 0 1 0
 1 0 1]"
22,0.9999993360508762,"[1 1 1 1 1 1 1 1 1 1 1 1 1 1 1 1 1 1 1 1 1 1 1 0 1 1 1 0 0 0 1 0 1 1 0 1 0
 1 0 1]"
22,0.9999802721254722,"[1 1 1 1 1 1 1 1 1 1 1 1 1 1 1 1 1 1 0 1 1 1 1 0 1 1 1 0 0 1 1 0 1 1 0 1 1
 1 0 1]"
22,0.9999997831582944,"[1 1 1 1 1 1 1 1 1 1 1 1 1 1 1 1 1 1 1 1 1 1 1 1 1 0 1 0 0 0 1 0 1 1 0 1 1
 1 0 1]"
22,0.9999993361236357,"[1 1 1 1 1 1 1 1 1 1 1 1 1 1 1 1 1 1 1 1 1 1 1 0 1 1 1 0 0 0 1 0 1 1 0 1 1
 1 0 1]"
22,0.9999993360508762,"[1 1 1 1 1 1 1 1 1 1 1 1 1 1 1 1 1 1 1 1 1 1 1 0 1 1 1 0 0 0 1 0 1 1 0 1 0
 1 0 1]"
22,0.9999991964253417,"[1 1 1 1 1 1 1 1 1 1 1 1 1 1 1 1 1 1 1 1 1 1 1 0 1 0 1 0 0 1 1 0 1 1 0 1 1
 1 0 1]"
22,0.9999993361236357,"[1 1 1 1 1 1 1 1 1 1 1 1 1 1 1 1 1 1 1 1 1 1 1 0 1 1 1 0 0 0 1 0 1 1 0 1 1
 1 0 1]"
22,0.9999993540952404,"[1 1 1 1 1 1 1 1 1 1 1 1 1 1 1 1 1 1 1 1 1 1 1 0 1 1 1 0 1 0 1 0 1 0 0 1 0
 1 0 1]"
22,0.9999993360508762,"[1 1 1 1 1 1 1 1 1 1 1 1 1 1 1 1 1 1 1 1 1 1 1 0 1 1 1 0 0 0 1 0 1 1 0 1 0
 1 0 1]"
22,0.524460017693999,"[1 1 1 0 1 1 1 1 1 1 1 1 1 1 1 1 1 1 1 1 1 1 1 0 1 0 1 0 0 0 0 0 1 1 0 1 1
 1 0 1]"
22,0.5244601036190053,"[1 1 1 0 1 1 1 1 1 1 1 1 1 1 1 1 1 1 1 1 1 1 1 0 1 1 1 0 0 0 1 0 1 1 0 1 0
 1 0 1]"
22,0.9999998285238821,"[1 1 1 1 1 1 1 1 1 1 1 1 1 1 1 1 1 1 1 1 1 1 1 1 1 0 1 1 0 1 1 0 0 1 0 1 1
 0 0 1]"
22,0.7279613249291397,"[1 1 1 1 0 1 1 1 1 1 1 1 1 1 1 1 1 1 0 1 1 1 1 0 1 1 1 0 0 0 1 0 1 1 0 1 0
 1 0 1]"
22,0.9999993360508762,"[1 1 1 1 1 1 1 1 1 1 1 1 1 1 1 1 1 1 1 1 1 1 1 0 1 1 1 0 0 0 1 0 1 1 0 1 0
 1 0 1]"
22,0.9999997831491995,"[1 1 1 1 1 1 1 1 1 1 1 1 1 1 1 1 1 1 1 1 1 1 1 1 1 0 1 0 0 0 1 0 1 1 0 1 1
 1 0 0]"
22,0.9999993733037575,"[1 1 1 1 1 1 1 1 1 1 1 1 1 1 1 1 1 1 1 1 1 1 1 0 1 1 1 1 0 0 1 0 1 1 0 1 0
 1 0 1]"
22,0.9999997825762179,"[1 1 1 1 1 1 1 1 1 1 1 1 1 1 1 1 1 1 1 1 1 1 1 1 1 0 1 0 0 0 1 0 1 0 0 1 1
 1 0 1]"
22,0.9999993547500763,"[1 1 1 1 1 1 1 1 1 1 1 1 1 1 1 1 1 1 1 1 1 1 1 0 1 1 1 0 1 0 1 0 1 1 0 1 1
 1 0 1]"
22,0.9999993360508762,"[1 1 1 1 1 1 1 1 1 1 1 1 1 1 1 1 1 1 1 1 1 1 1 0 1 1 1 0 0 0 1 0 1 1 0 1 0
 1 0 1]"
22,0.9999993383973711,"[1 1 1 1 1 1 1 1 1 1 1 1 1 1 1 1 1 1 1 1 1 1 1 0 1 1 1 0 0 0 1 1 1 1 0 1 0
 1 1 1]"
22,0.9999993361418256,"[1 1 1 1 1 1 1 1 1 1 1 1 1 1 1 1 1 1 1 1 1 1 1 0 1 1 1 0 0 0 1 0 1 1 0 1 1
 1 1 1]"
step,fitness,genome
23,0.9999998296880352,"[1 1 1 1 1 1 1 1 1 1 1 1 1 1 1 1 1 1 1 1 1 1 1 1 1 0 1 1 0 1 1 0 1 1 0 1 1
 0 0 1]"
23,0.9999993919301987,"[1 1 1 1 1 1 1 1 1 1 1 1 1 1 1 1 1 1 1 1 1 1 1 0 1 1 1 1 1 0 1 0 1 1 0 1 0
 1 0 1]"
23,0.9999993733765171,"[1 1 1 1 1 1 1 1 1 1 1 1 1 1 1 1 1 1 1 1 1 1 1 0 1 1 1 1 0 0 1 0 1 1 0 1 1
 1 0 1]"
23,0.9999997831491995,"[1 1 1 1 1 1 1 1 1 1 1 1 1 1 1 1 1 1 1 1 1 1 1 1 1 0 1 0 0 0 1 0 1 1 0 1 1
 1 0 0]"
23,0.9999993733037575,"[1 1 1 1 1 1 1 1 1 1 1 1 1 1 1 1 1 1 1 1 1 1 1 0 1 1 1 1 0 0 1 0 1 1 0 1 0
 1 0 1]"
23,0.9999998017847423,"[1 1 1 1 1 1 1 1 1 1 1 1 1 1 1 1 1 1 1 1 1 1 1 1 1 0 1 0 1 0 1 0 1 1 0 1 1
 1 0 1]"
23,0.9999997831491995,"[1 1 1 1 1 1 1 1 1 1 1 1 1 1 1 1 1 1 1 1 1 1 1 1 1 0 1 0 0 0 1 0 1 1 0 1 1
 1 0 0]"
23,0.9999993540952404,"[1 1 1 1 1 1 1 1 1 1 1 1 1 1 1 1 1 1 1 1 1 1 1 0 1 1 1 0 1 0 1 0 1 0 0 1 0
 1 0 1]"
23,0.9999997831582944,"[1 1 1 1 1 1 1 1 1 1 1 1 1 1 1 1 1 1 1 1 1 1 1 1 1 0 1 0 0 0 1 0 1 1 0 1 1
 1 0 1]"
23,0.9999997831582944,"[1 1 1 1 1 1 1 1 1 1 1 1 1 1 1 1 1 1 1 1 1 1 1 1 1 0 1 0 0 0 1 0 1 1 0 1 1
 1 0 1]"
23,0.9999997831582944,"[1 1 1 1 1 1 1 1 1 1 1 1 1 1 1 1 1 1 1 1 1 1 1 1 1 0 1 0 0 0 1 0 1 1 0 1 1
 1 0 1]"
23,0.9902769638329927,"[1 1 1 1 1 1 1 1 1 0 1 1 1 1 1 1 1 1 1 1 1 1 1 1 1 0 1 0 0 0 1 0 1 1 0 1 1
 1 0 1]"
23,0.9999997831582944,"[1 1 1 1 1 1 1 1 1 1 1 1 1 1 1 1 1 1 1 1 1 1 1 1 1 0 1 0 0 0 1 0 1 1 0 1 1
 1 0 1]"
23,0.9999569145970885,"[1 1 1 1 1 1 1 1 1 1 1 1 1 1 1 1 1 0 1 1 0 1 1 1 1 0 1 1 0 1 1 0 1 0 0 1 1
 0 0 1]"
23,0.056313498427811026,"[1 0 1 1 1 1 1 1 1 1 1 1 1 1 1 1 1 1 1 1 1 1 1 1 1 0 1 0 0 0 1 0 1 1 0 1 1
 1 0 1]"
23,0.9999997831037247,"[1 1 1 1 1 1 1 1 1 1 1 1 1 1 1 1 1 1 1 1 1 1 1 1 1 0 1 0 0 0 1 0 1 1 0 1 0
 1 1 1]"
23,0.9999997831582944,"[1 1 1 1 1 1 1 1 1 1 1 1 1 1 1 1 1 1 1 1 1 1 1 1 1 0 1 0 0 0 1 0 1 1 0 1 1
 1 0 1]"
23,0.9999998296880352,"[1 1 1 1 1 1 1 1 1 1 1 1 1 1 1 1 1 1 1 1 1 1 1 1 1 0 1 1 0 1 1 0 1 1 0 1 1
 0 0 1]"
23,0.9999997831764843,"[1 1 1 1 1 1 1 1 1 1 1 1 1 1 1 1 1 1 1 1 1 1 1 1 1 0 1 0 0 0 1 0 1 1 0 1 1
 1 1 1]"
23,0.9999997831582944,"[1 1 1 1 1 1 1 1 1 1 1 1 1 1 1 1 1 1 1 1 1 1 1 1 1 0 1 0 0 0 1 0 1 1 0 1 1
 1 0 1]"
23,0.9999993919301987,"[1 1 1 1 1 1 1 1 1 1 1 1 1 1 1 1 1 1 1 1 1 1 1 0 1 1 1 1 1 0 1 0 1 1 0 1 0
 1 0 1]"
23,0.9999998204111907,"[1 1 1 1 1 1 1 1 1 1 1 1 1 1 1 1 1 1 1 1 1 1 1 1 1 0 1 1 0 0 1 0 1 1 0 1 1
 1 0 1]"
23,0.9996940906301236,"[1 1 1 1 1 1 1 1 1 1 1 1 1 1 0 1 1 1 1 1 1 1 1 0 1 0 1 1 0 0 1 0 1 1 0 1 0
 1 0 1]"
23,0.9999999321698873,"[1 1 1 1 1 1 1 1 1 1 1 1 1 1 1 1 1 1 1 1 1 1 1 1 1 1 1 0 0 0 1 0 1 1 0 1 1
 1 0 1]"
23,0.9999998297062251,"[1 1 1 1 1 1 1 1 1 1 1 1 1 1 1 1 1 1 1 1 1 1 1 1 1 0 1 1 0 1 1 0 1 1 0 1 1
 0 1 1]"
23,0.9999993732673778,"[1 1 1 1 1 1 1 1 1 1 1 1 1 1 1 1 1 1 1 1 1 1 1 0 1 1 1 1 0 0 1 0 1 1 0 1 0
 0 0 1]"
23,0.9999993383973711,"[1 1 1 1 1 1 1 1 1 1 1 1 1 1 1 1 1 1 1 1 1 1 1 0 1 1 1 0 0 0 1 1 1 1 0 1 0
 1 1 1]"
23,0.9999993735947956,"[1 1 1 1 1 1 1 1 1 1 1 1 1 1 1 1 1 1 1 1 1 1 1 0 1 1 1 1 0 0 1 0 1 1 1 1 0
 1 0 1]"
23,0.9999997831582944,"[1 1 1 1 1 1 1 1 1 1 1 1 1 1 1 1 1 1 1 1 1 1 1 1 1 0 1 0 0 0 1 0 1 1 0 1 1
 1 0 1]"
23,0.9999997831582944,"[1 1 1 1 1 1 1 1 1 1 1 1 1 1 1 1 1 1 1 1 1 1 1 1 1 0 1 0 0 0 1 0 1 1 0 1 1
 1 0 1]"
23,0.9999998296880352,"[1 1 1 1 1 1 1 1 1 1 1 1 1 1 1 1 1 1 1 1 1 1 1 1 1 0 1 1 0 1 1 0 1 1 0 1 1
 0 0 1]"
23,0.9999993360508762,"[1 1 1 1 1 1 1 1 1 1 1 1 1 1 1 1 1 1 1 1 1 1 1 0 1 1 1 0 0 0 1 0 1 1 0 1 0
 1 0 1]"
23,0.9999997831582944,"[1 1 1 1 1 1 1 1 1 1 1 1 1 1 1 1 1 1 1 1 1 1 1 1 1 0 1 0 0 0 1 0 1 1 0 1 1
 1 0 1]"
23,0.9999998285238821,"[1 1 1 1 1 1 1 1 1 1 1 1 1 1 1 1 1 1 1 1 1 1 1 1 1 0 1 1 0 1 1 0 0 1 0 1 1
 0 0 1]"
23,0.9999998017847423,"[1 1 1 1 1 1 1 1 1 1 1 1 1 1 1 1 1 1 1 1 1 1 1 1 1 0 1 0 1 0 1 0 1 1 0 1 1
 1 0 1]"
23,0.5244603641619369,"[1 1 1 0 1 1 1 1 1 1 1 1 1 1 1 1 1 1 1 1 1 1 1 1 1 0 1 0 1 0 1 0 1 1 0 1 1
 1 0 1]"
23,0.9999993643543348,"[1 1 1 1 1 1 1 1 1 1 1 1 1 1 1 1 1 1 1 1 1 1 1 0 1 1 1 0 1 1 1 0 1 1 1 1 1
 1 0 1]"
23,0.9999997831582944,"[1 1 1 1 1 1 1 1 1 1 1 1 1 1 1 1 1 1 1 1 1 1 1 1 1 0 1 0 0 0 1 0 1 1 0 1 1
 1 0 1]"
23,0.9999997831491995,"[1 1 1 1 1 1 1 1 1 1 1 1 1 1 1 1 1 1 1 1 1 1 1 1 1 0 1 0 0 0 1 0 1 1 0 1 1
 1 0 0]"
23,0.9999997831582944,"[1 1 1 1 1 1 1 1 1 1 1 1 1 1 1 1 1 1 1 1 1 1 1 1 1 0 1 0 0 0 1 0 1 1 0 1 1
 1 0 1]"
23,0.5244603797717226,"[1 1 1 0 1 1 1 1 1 1 1 1 1 1 1 1 1 1 1 1 1 1 1 1 1 0 1 1 0 1 1 0 1 1 0 1 1
 0 0 1]"
23,0.999999345436856,"[1 1 1 1 1 1 1 1 1 1 1 1 1 1 1 1 1 1 1 1 1 1 1 0 1 1 1 0 0 1 1 0 1 1 0 1 1
 1 0 1]"
23,0.9996940534602173,"[1 1 1 1 1 1 1 1 1 1 1 1 1 1 0 1 1 1 1 1 1 1 1 0 1 0 1 0 0 0 1 0 1 1 0 1 1
 1 0 1]"
23,0.9999997825762179,"[1 1 1 1 1 1 1 1 1 1 1 1 1 1 1 1 1 1 1 1 1 1 1 1 1 0 1 0 0 0 1 0 1 0 0 1 1
 1 0 1]"
23,0.9999998203748109,"[1 1 1 1 1 1 1 1 1 1 1 1 1 1 1 1 1 1 1 1 1 1 1 1 1 0 1 1 0 0 1 0 1 1 0 1 1
 0 0 1]"
23,0.9999997924715184,"[1 1 1 1 1 1 1 1 1 1 1 1 1 1 1 1 1 1 1 1 1 1 1 1 1 0 1 0 0 1 1 0 1 1 0 1 1
 1 0 1]"
23,0.9999997831582944,"[1 1 1 1 1 1 1 1 1 1 1 1 1 1 1 1 1 1 1 1 1 1 1 1 1 0 1 0 0 0 1 0 1 1 0 1 1
 1 0 1]"
23,0.9999998296880352,"[1 1 1 1 1 1 1 1 1 1 1 1 1 1 1 1 1 1 1 1 1 1 1 1 1 0 1 1 0 1 1 0 1 1 0 1 1
 0 0 1]"
23,0.9999997830855348,"[1 1 1 1 1 1 1 1 1 1 1 1 1 1 1 1 1 1 1 1 1 1 1 1 1 0 1 0 0 0 1 0 1 1 0 1 0
 1 0 1]"
23,0.9999993453640964,"[1 1 1 1 1 1 1 1 1 1 1 1 1 1 1 1 1 1 1 1 1 1 1 0 1 1 1 0 0 1 1 0 1 1 0 1 0
 1 0 1]"
23,0.9999999696410673,"[1 1 1 1 1 1 1 1 1 1 1 1 1 1 1 1 1 1 1 1 1 1 1 1 1 1 1 1 0 0 1 0 1 1 1 1 0
 1 0 1]"
23,0.9245643790430865,"[1 1 1 1 1 1 0 1 1 1 1 1 1 1 1 1 1 1 1 1 1 1 1 0 1 0 1 0 0 0 1 0 1 1 0 1 0
 1 0 1]"
23,0.9951276864874996,"[1 1 1 1 1 1 1 1 1 1 0 1 1 1 1 1 1 1 1 1 1 1 1 1 1 0 1 0 0 0 1 0 1 1 0 1 1
 1 0 1]"
23,0.9999997831582944,"[1 1 1 1 1 1 1 1 1 1 1 1 1 1 1 1 1 1 1 1 1 1 1 1 1 0 1 0 0 0 1 0 1 1 0 1 1
 1 0 1]"
23,0.9999992243649991,"[1 1 1 1 1 1 1 1 1 1 1 1 1 1 1 1 1 1 1 1 1 1 1 0 1 0 1 1 0 0 1 0 1 1 0 1 1
 1 0 1]"
23,0.9999997830855348,"[1 1 1 1 1 1 1 1 1 1 1 1 1 1 1 1 1 1 1 1 1 1 1 1 1 0 1 0 0 0 1 0 1 1 0 1 0
 1 0 1]"
23,0.9999993540952404,"[1 1 1 1 1 1 1 1 1 1 1 1 1 1 1 1 1 1 1 1 1 1 1 0 1 1 1 0 1 0 1 0 1 0 0 1 0
 1 0 1]"
23,0.9999993735947956,"[1 1 1 1 1 1 1 1 1 1 1 1 1 1 1 1 1 1 1 1 1 1 1 0 1 1 1 1 0 0 1 0 1 1 1 1 0
 1 0 1]"
23,0.9999993547500763,"[1 1 1 1 1 1 1 1 1 1 1 1 1 1 1 1 1 1 1 1 1 1 1 0 1 1 1 0 1 0 1 0 1 1 0 1 1
 1 0 1]"
23,0.9999993733037575,"[1 1 1 1 1 1 1 1 1 1 1 1 1 1 1 1 1 1 1 1 1 1 1 0 1 1 1 1 0 0 1 0 1 1 0 1 0
 1 0 1]"
23,0.9999997831582944,"[1 1 1 1 1 1 1 1 1 1 1 1 1 1 1 1 1 1 1 1 1 1 1 1 1 0 1 0 0 0 1 0 1 1 0 1 1
 1 0 1]"
23,0.978243167605128,"[1 1 1 1 1 1 1 1 0 1 1 0 1 1 1 1 1 1 1 1 1 1 1 1 1 0 1 1 0 1 1 0 1 1 0 1 1
 0 1 1]"
23,0.9999997831491995,"[1 1 1 1 1 1 1 1 1 1 1 1 1 1 1 1 1 1 1 1 1 1 1 1 1 0 1 0 0 0 1 0 1 1 0 1 1
 1 0 0]"
23,0.999999345436856,"[1 1 1 1 1 1 1 1 1 1 1 1 1 1 1 1 1 1 1 1 1 1 1 0 1 1 1 0 0 1 1 0 1 1 0 1 1
 1 0 1]"
23,0.9999993919301987,"[1 1 1 1 1 1 1 1 1 1 1 1 1 1 1 1 1 1 1 1 1 1 1 0 1 1 1 1 1 0 1 0 1 1 0 1 0
 1 0 1]"
23,0.9999998204111907,"[1 1 1 1 1 1 1 1 1 1 1 1 1 1 1 1 1 1 1 1 1 1 1 1 1 0 1 1 0 0 1 0 1 1 0 1 1
 1 0 1]"
23,0.9999997831582944,"[1 1 1 1 1 1 1 1 1 1 1 1 1 1 1 1 1 1 1 1 1 1 1 1 1 0 1 0 0 0 1 0 1 1 0 1 1
 1 0 1]"
23,0.9999997831582944,"[1 1 1 1 1 1 1 1 1 1 1 1 1 1 1 1 1 1 1 1 1 1 1 1 1 0 1 0 0 0 1 0 1 1 0 1 1
 1 0 1]"
23,0.9999998296880352,"[1 1 1 1 1 1 1 1 1 1 1 1 1 1 1 1 1 1 1 1 1 1 1 1 1 0 1 1 0 1 1 0 1 1 0 1 1
 0 0 1]"
23,0.999999345436856,"[1 1 1 1 1 1 1 1 1 1 1 1 1 1 1 1 1 1 1 1 1 1 1 0 1 1 1 0 0 1 1 0 1 1 0 1 1
 1 0 1]"
23,0.9999993360508762,"[1 1 1 1 1 1 1 1 1 1 1 1 1 1 1 1 1 1 1 1 1 1 1 0 1 1 1 0 0 0 1 0 1 1 0 1 0
 1 0 1]"
23,0.5244601246219931,"[1 1 1 0 1 1 1 1 1 1 1 1 1 1 1 1 1 1 1 1 1 1 1 0 1 1 1 1 0 0 1 0 1 1 1 1 0
 1 0 1]"
23,0.9999998203748109,"[1 1 1 1 1 1 1 1 1 1 1 1 1 1 1 1 1 1 1 1 1 1 1 1 1 0 1 1 0 0 1 0 1 1 0 1 1
 0 0 1]"
23,0.999999848314484,"[1 1 1 1 1 1 1 1 1 1 1 1 1 1 1 1 1 1 1 1 1 1 1 1 1 0 1 1 1 1 1 0 1 1 0 1 1
 0 0 1]"
23,0.9999998017847423,"[1 1 1 1 1 1 1 1 1 1 1 1 1 1 1 1 1 1 1 1 1 1 1 1 1 0 1 0 1 0 1 0 1 1 0 1 1
 1 0 1]"
23,0.9999973984116411,"[1 1 1 1 1 1 1 1 1 1 1 1 1 1 1 1 1 1 1 1 1 0 1 1 1 0 1 0 0 0 1 0 1 0 0 1 1
 1 1 1]"
23,0.9999998297062251,"[1 1 1 1 1 1 1 1 1 1 1 1 1 1 1 1 1 1 1 1 1 1 1 1 1 0 1 1 0 1 1 0 1 1 0 1 1
 0 1 1]"
23,0.9999993360508762,"[1 1 1 1 1 1 1 1 1 1 1 1 1 1 1 1 1 1 1 1 1 1 1 0 1 1 1 0 0 0 1 0 1 1 0 1 0
 1 0 1]"
23,0.9999997831582944,"[1 1 1 1 1 1 1 1 1 1 1 1 1 1 1 1 1 1 1 1 1 1 1 1 1 0 1 0 0 0 1 0 1 1 0 1 1
 1 0 1]"
23,0.8542906615697038,"[1 1 1 1 1 0 1 1 1 1 1 1 1 1 1 1 1 1 1 1 1 1 1 1 1 0 1 0 0 0 1 0 1 1 0 1 1
 1 0 0]"
23,0.9999998297062251,"[1 1 1 1 1 1 1 1 1 1 1 1 1 1 1 1 1 1 1 1 1 1 1 1 1 0 1 1 0 1 1 0 1 1 0 1 1
 0 1 1]"
23,0.9999998296880352,"[1 1 1 1 1 1 1 1 1 1 1 1 1 1 1 1 1 1 1 1 1 1 1 1 1 0 1 1 0 1 1 0 1 1 0 1 1
 0 0 1]"
23,0.9999993363419143,"[1 1 1 1 1 1 1 1 1 1 1 1 1 1 1 1 1 1 1 1 1 1 1 0 1 1 1 0 0 0 1 0 1 1 1 1 0
 1 0 1]"
23,0.9999997831491995,"[1 1 1 1 1 1 1 1 1 1 1 1 1 1 1 1 1 1 1 1 1 1 1 1 1 0 1 0 0 0 1 0 1 1 0 1 1
 1 0 0]"
23,0.99999860954718,"[1 1 1 1 1 1 1 1 1 1 1 1 1 1 1 1 1 1 1 1 1 1 0 1 1 0 1 0 1 0 1 0 1 1 0 0 1
 1 0 1]"
23,0.9999997831764843,"[1 1 1 1 1 1 1 1 1 1 1 1 1 1 1 1 1 1 1 1 1 1 1 1 1 0 1 0 0 0 1 0 1 1 0 1 1
 1 1 1]"
23,0.9999997831582944,"[1 1 1 1 1 1 1 1 1 1 1 1 1 1 1 1 1 1 1 1 1 1 1 1 1 0 1 0 0 0 1 0 1 1 0 1 1
 1 0 1]"
23,0.9999997831582944,"[1 1 1 1 1 1 1 1 1 1 1 1 1 1 1 1 1 1 1 1 1 1 1 1 1 0 1 0 0 0 1 0 1 1 0 1 1
 1 0 1]"
23,0.9999974076702757,"[1 1 1 1 1 1 1 1 1 1 1 1 1 1 1 1 1 1 1 1 1 0 1 1 1 0 1 0 0 1 1 0 1 0 0 1 1
 0 0 1]"
23,0.9999998204111907,"[1 1 1 1 1 1 1 1 1 1 1 1 1 1 1 1 1 1 1 1 1 1 1 1 1 0 1 1 0 0 1 0 1 1 0 1 1
 1 0 1]"
23,0.9999993361236357,"[1 1 1 1 1 1 1 1 1 1 1 1 1 1 1 1 1 1 1 1 1 1 1 0 1 1 1 0 0 0 1 0 1 1 0 1 1
 1 0 1]"
23,0.9999950334242428,"[1 1 1 1 1 1 1 1 1 1 1 1 1 1 1 1 1 1 1 1 0 1 1 1 1 0 1 0 1 0 1 0 1 1 0 1 1
 1 0 1]"
23,0.9999998017847423,"[1 1 1 1 1 1 1 1 1 1 1 1 1 1 1 1 1 1 1 1 1 1 1 1 1 0 1 0 1 0 1 0 1 1 0 1 1
 1 0 1]"
23,0.9616168502617434,"[1 1 1 1 1 1 1 0 1 1 1 1 1 1 1 1 1 1 1 1 1 1 1 1 1 0 1 0 1 0 1 0 1 1 0 1 1
 1 0 1]"
23,0.9999991870029835,"[1 1 1 1 1 1 1 1 1 1 1 1 1 1 1 1 1 1 1 1 1 1 1 0 1 0 1 0 0 0 1 0 1 1 0 1 0
 0 0 1]"
23,0.9999998296880352,"[1 1 1 1 1 1 1 1 1 1 1 1 1 1 1 1 1 1 1 1 1 1 1 1 1 0 1 1 0 1 1 0 1 1 0 1 1
 0 0 1]"
23,0.9999998017847423,"[1 1 1 1 1 1 1 1 1 1 1 1 1 1 1 1 1 1 1 1 1 1 1 1 1 0 1 0 1 0 1 0 1 1 0 1 1
 1 0 1]"
23,0.9999998296880352,"[1 1 1 1 1 1 1 1 1 1 1 1 1 1 1 1 1 1 1 1 1 1 1 1 1 0 1 1 0 1 1 0 1 1 0 1 1
 0 0 1]"
23,0.9999998017756474,"[1 1 1 1 1 1 1 1 1 1 1 1 1 1 1 1 1 1 1 1 1 1 1 1 1 0 1 0 1 0 1 0 1 1 0 1 1
 1 0 0]"
23,0.9999997831582944,"[1 1 1 1 1 1 1 1 1 1 1 1 1 1 1 1 1 1 1 1 1 1 1 1 1 0 1 0 0 0 1 0 1 1 0 1 1
 1 0 1]"
step,fitness,genome
24,0.9999998296880352,"[1 1 1 1 1 1 1 1 1 1 1 1 1 1 1 1 1 1 1 1 1 1 1 1 1 0 1 1 0 1 1 0 1 1 0 1 1
 0 0 1]"
24,0.9999997924715184,"[1 1 1 1 1 1 1 1 1 1 1 1 1 1 1 1 1 1 1 1 1 1 1 1 1 0 1 0 0 1 1 0 1 1 0 1 1
 1 0 1]"
24,0.9975598869581208,"[1 1 1 1 1 1 1 1 1 1 1 0 1 1 1 1 1 1 1 1 1 1 0 1 1 0 1 0 1 0 1 0 1 1 0 1 1
 1 0 1]"
24,0.9999998285238821,"[1 1 1 1 1 1 1 1 1 1 1 1 1 1 1 1 1 1 1 1 1 1 1 1 1 0 1 1 0 1 1 0 0 1 0 1 1
 0 0 1]"
24,0.9999997831582944,"[1 1 1 1 1 1 1 1 1 1 1 1 1 1 1 1 1 1 1 1 1 1 1 1 1 0 1 0 0 0 1 0 1 1 0 1 1
 1 0 1]"
24,0.9999997831582944,"[1 1 1 1 1 1 1 1 1 1 1 1 1 1 1 1 1 1 1 1 1 1 1 1 1 0 1 0 0 0 1 0 1 1 0 1 1
 1 0 1]"
24,0.9999997831582944,"[1 1 1 1 1 1 1 1 1 1 1 1 1 1 1 1 1 1 1 1 1 1 1 1 1 0 1 0 0 0 1 0 1 1 0 1 1
 1 0 1]"
24,0.9999997831582944,"[1 1 1 1 1 1 1 1 1 1 1 1 1 1 1 1 1 1 1 1 1 1 1 1 1 0 1 0 0 0 1 0 1 1 0 1 1
 1 0 1]"
24,0.9999998296880352,"[1 1 1 1 1 1 1 1 1 1 1 1 1 1 1 1 1 1 1 1 1 1 1 1 1 0 1 1 0 1 1 0 1 1 0 1 1
 0 0 1]"
24,0.9999998296880352,"[1 1 1 1 1 1 1 1 1 1 1 1 1 1 1 1 1 1 1 1 1 1 1 1 1 0 1 1 0 1 1 0 1 1 0 1 1
 0 0 1]"
24,0.9999998017847423,"[1 1 1 1 1 1 1 1 1 1 1 1 1 1 1 1 1 1 1 1 1 1 1 1 1 0 1 0 1 0 1 0 1 1 0 1 1
 1 0 1]"
24,0.9999997831582944,"[1 1 1 1 1 1 1 1 1 1 1 1 1 1 1 1 1 1 1 1 1 1 1 1 1 0 1 0 0 0 1 0 1 1 0 1 1
 1 0 1]"
24,0.9999997831582944,"[1 1 1 1 1 1 1 1 1 1 1 1 1 1 1 1 1 1 1 1 1 1 1 1 1 0 1 0 0 0 1 0 1 1 0 1 1
 1 0 1]"
24,0.9999999882675185,"[1 1 1 1 1 1 1 1 1 1 1 1 1 1 1 1 1 1 1 1 1 1 1 1 1 1 1 1 1 0 1 0 1 1 1 1 0
 1 0 1]"
24,0.999999503688852,"[1 1 1 1 1 1 1 1 1 1 1 1 1 1 1 1 1 1 1 1 1 1 1 1 0 0 1 0 1 0 1 0 1 1 0 1 0
 1 0 1]"
24,0.9999993735947956,"[1 1 1 1 1 1 1 1 1 1 1 1 1 1 1 1 1 1 1 1 1 1 1 0 1 1 1 1 0 0 1 0 1 1 1 1 0
 1 0 1]"
24,0.9999998296880352,"[1 1 1 1 1 1 1 1 1 1 1 1 1 1 1 1 1 1 1 1 1 1 1 1 1 0 1 1 0 1 1 0 1 1 0 1 1
 0 0 1]"
24,0.9999998296880352,"[1 1 1 1 1 1 1 1 1 1 1 1 1 1 1 1 1 1 1 1 1 1 1 1 1 0 1 1 0 1 1 0 1 1 0 1 1
 0 0 1]"
24,0.9999974455233575,"[1 1 1 1 1 1 1 1 1 1 1 1 1 1 1 1 1 1 1 1 1 0 1 1 1 0 1 1 0 1 1 0 1 1 0 1 1
 0 1 1]"
24,0.0009765621492317534,"[0 1 1 1 1 1 1 1 1 1 1 1 1 1 1 1 1 1 1 1 1 1 1 1 1 0 1 1 0 0 1 0 1 1 0 1 1
 1 0 1]"
24,0.9999998017847423,"[1 1 1 1 1 1 1 1 1 1 1 1 1 1 1 1 1 1 1 1 1 1 1 1 1 0 1 0 1 0 1 0 1 1 0 1 1
 1 0 1]"
24,0.26289206164165463,"[1 1 0 1 1 1 1 1 1 1 1 1 1 0 1 1 1 1 1 1 1 1 1 1 1 0 1 0 0 0 1 0 1 1 0 1 1
 1 0 1]"
24,0.9999998017847423,"[1 1 1 1 1 1 1 1 1 1 1 1 1 1 1 1 1 1 1 1 1 1 1 1 1 0 1 0 1 0 1 0 1 1 0 1 1
 1 0 1]"
24,0.9999999696410673,"[1 1 1 1 1 1 1 1 1 1 1 1 1 1 1 1 1 1 1 1 1 1 1 1 1 1 1 1 0 0 1 0 1 1 1 1 0
 1 0 1]"
24,0.9951277328312731,"[1 1 1 1 1 1 1 1 1 1 0 1 1 1 1 1 1 1 1 1 1 1 1 1 1 0 1 1 0 1 1 0 1 1 0 1 1
 0 1 1]"
24,0.9999998297062251,"[1 1 1 1 1 1 1 1 1 1 1 1 1 1 1 1 1 1 1 1 1 1 1 1 1 0 1 1 0 1 1 0 1 1 0 1 1
 0 1 1]"
24,0.9245649768073395,"[1 1 1 1 1 1 0 1 1 1 1 1 1 1 1 1 1 1 1 1 1 1 1 1 1 0 1 1 0 1 1 0 0 1 0 1 1
 0 0 1]"
24,0.9999998296880352,"[1 1 1 1 1 1 1 1 1 1 1 1 1 1 1 1 1 1 1 1 1 1 1 1 1 0 1 1 0 1 1 0 1 1 0 1 1
 0 0 1]"
24,0.9999998296880352,"[1 1 1 1 1 1 1 1 1 1 1 1 1 1 1 1 1 1 1 1 1 1 1 1 1 0 1 1 0 1 1 0 1 1 0 1 1
 0 0 1]"
24,0.9999998017847423,"[1 1 1 1 1 1 1 1 1 1 1 1 1 1 1 1 1 1 1 1 1 1 1 1 1 0 1 0 1 0 1 0 1 1 0 1 1
 1 0 1]"
24,0.9999998204111907,"[1 1 1 1 1 1 1 1 1 1 1 1 1 1 1 1 1 1 1 1 1 1 1 1 1 0 1 1 0 0 1 0 1 1 0 1 1
 1 0 1]"
24,0.9999998110615868,"[1 1 1 1 1 1 1 1 1 1 1 1 1 1 1 1 1 1 1 1 1 1 1 1 1 0 1 0 1 1 1 0 1 1 0 1 1
 0 0 1]"
24,0.9999998204111907,"[1 1 1 1 1 1 1 1 1 1 1 1 1 1 1 1 1 1 1 1 1 1 1 1 1 0 1 1 0 0 1 0 1 1 0 1 1
 1 0 1]"
24,0.9999998204111907,"[1 1 1 1 1 1 1 1 1 1 1 1 1 1 1 1 1 1 1 1 1 1 1 1 1 0 1 1 0 0 1 0 1 1 0 1 1
 1 0 1]"
24,0.9999998297062251,"[1 1 1 1 1 1 1 1 1 1 1 1 1 1 1 1 1 1 1 1 1 1 1 1 1 0 1 1 0 1 1 0 1 1 0 1 1
 0 1 1]"
24,0.9999993733765171,"[1 1 1 1 1 1 1 1 1 1 1 1 1 1 1 1 1 1 1 1 1 1 1 0 1 1 1 1 0 0 1 0 1 1 0 1 1
 1 0 1]"
24,0.9999993360417813,"[1 1 1 1 1 1 1 1 1 1 1 1 1 1 1 1 1 1 1 1 1 1 1 0 1 1 1 0 0 0 1 0 1 1 0 1 0
 1 0 0]"
24,0.7279759937242082,"[1 1 1 1 0 1 1 1 1 1 1 1 1 1 1 1 1 1 1 1 1 1 1 1 1 0 1 0 0 0 1 0 1 1 0 1 1
 1 0 1]"
24,0.9999997831582944,"[1 1 1 1 1 1 1 1 1 1 1 1 1 1 1 1 1 1 1 1 1 1 1 1 1 0 1 0 0 0 1 0 1 1 0 1 1
 1 0 1]"
24,0.9999998296880352,"[1 1 1 1 1 1 1 1 1 1 1 1 1 1 1 1 1 1 1 1 1 1 1 1 1 0 1 1 0 1 1 0 1 1 0 1 1
 0 0 1]"
24,0.9999998390194494,"[1 1 1 1 1 1 1 1 1 1 1 1 1 1 1 1 1 1 1 1 1 1 1 1 1 0 1 1 1 0 1 0 1 1 0 1 1
 0 1 1]"
24,0.9999997924715184,"[1 1 1 1 1 1 1 1 1 1 1 1 1 1 1 1 1 1 1 1 1 1 1 1 1 0 1 0 0 1 1 0 1 1 0 1 1
 1 0 1]"
24,0.9999998297062251,"[1 1 1 1 1 1 1 1 1 1 1 1 1 1 1 1 1 1 1 1 1 1 1 1 1 0 1 1 0 1 1 0 1 1 0 1 1
 0 1 1]"
24,0.9999997831037247,"[1 1 1 1 1 1 1 1 1 1 1 1 1 1 1 1 1 1 1 1 1 1 1 1 1 0 1 0 0 0 1 0 1 1 0 1 0
 1 1 1]"
24,0.980639060189342,"[1 1 1 1 1 1 1 1 0 1 1 1 1 1 1 1 1 1 1 1 1 1 1 1 0 0 1 1 0 1 1 0 1 1 0 1 1
 0 0 1]"
24,0.9999999320243681,"[1 1 1 1 1 1 1 1 1 1 1 1 1 1 1 1 1 1 1 1 1 1 1 1 1 1 1 0 0 0 1 0 1 1 0 0 1
 1 0 1]"
24,0.9999997831764843,"[1 1 1 1 1 1 1 1 1 1 1 1 1 1 1 1 1 1 1 1 1 1 1 1 1 0 1 0 0 0 1 0 1 1 0 1 1
 1 1 1]"
24,0.9999997831582944,"[1 1 1 1 1 1 1 1 1 1 1 1 1 1 1 1 1 1 1 1 1 1 1 1 1 0 1 0 0 0 1 0 1 1 0 1 1
 1 0 1]"
24,0.9999997831582944,"[1 1 1 1 1 1 1 1 1 1 1 1 1 1 1 1 1 1 1 1 1 1 1 1 1 0 1 0 0 0 1 0 1 1 0 1 1
 1 0 1]"
24,0.9999998285238821,"[1 1 1 1 1 1 1 1 1 1 1 1 1 1 1 1 1 1 1 1 1 1 1 1 1 0 1 1 0 1 1 0 0 1 0 1 1
 0 0 1]"
24,0.9999998285238821,"[1 1 1 1 1 1 1 1 1 1 1 1 1 1 1 1 1 1 1 1 1 1 1 1 1 0 1 1 0 1 1 0 0 1 0 1 1
 0 0 1]"
24,0.9999998017756474,"[1 1 1 1 1 1 1 1 1 1 1 1 1 1 1 1 1 1 1 1 1 1 1 1 1 0 1 0 1 0 1 0 1 1 0 1 1
 1 0 0]"
24,0.9999998204111907,"[1 1 1 1 1 1 1 1 1 1 1 1 1 1 1 1 1 1 1 1 1 1 1 1 1 0 1 1 0 0 1 0 1 1 0 1 1
 1 0 1]"
24,0.9999998110979665,"[1 1 1 1 1 1 1 1 1 1 1 1 1 1 1 1 1 1 1 1 1 1 1 1 1 0 1 0 1 1 1 0 1 1 0 1 1
 1 0 1]"
24,0.9999998017847423,"[1 1 1 1 1 1 1 1 1 1 1 1 1 1 1 1 1 1 1 1 1 1 1 1 1 0 1 0 1 0 1 0 1 1 0 1 1
 1 0 1]"
24,0.9999997924533285,"[1 1 1 1 1 1 1 1 1 1 1 1 1 1 1 1 1 1 1 1 1 1 1 1 1 0 1 0 0 1 1 0 1 1 0 1 1
 0 1 1]"
24,0.9999997831582944,"[1 1 1 1 1 1 1 1 1 1 1 1 1 1 1 1 1 1 1 1 1 1 1 1 1 0 1 0 0 0 1 0 1 1 0 1 1
 1 0 1]"
24,0.9999998296880352,"[1 1 1 1 1 1 1 1 1 1 1 1 1 1 1 1 1 1 1 1 1 1 1 1 1 0 1 1 0 1 1 0 1 1 0 1 1
 0 0 1]"
24,0.9999997831582944,"[1 1 1 1 1 1 1 1 1 1 1 1 1 1 1 1 1 1 1 1 1 1 1 1 1 0 1 0 0 0 1 0 1 1 0 1 1
 1 0 1]"
24,0.5244603797818984,"[1 1 1 0 1 1 1 1 1 1 1 1 1 1 1 1 1 1 1 1 1 1 1 1 1 0 1 1 0 1 1 0 1 1 0 1 1
 0 1 1]"
24,0.9999998296880352,"[1 1 1 1 1 1 1 1 1 1 1 1 1 1 1 1 1 1 1 1 1 1 1 1 1 0 1 1 0 1 1 0 1 1 0 1 1
 0 0 1]"
24,0.9999998203748109,"[1 1 1 1 1 1 1 1 1 1 1 1 1 1 1 1 1 1 1 1 1 1 1 1 1 0 1 1 0 0 1 0 1 1 0 1 1
 0 0 1]"
24,0.9999998203748109,"[1 1 1 1 1 1 1 1 1 1 1 1 1 1 1 1 1 1 1 1 1 1 1 1 1 0 1 1 0 0 1 0 1 1 0 1 1
 0 0 1]"
24,0.9999998296880352,"[1 1 1 1 1 1 1 1 1 1 1 1 1 1 1 1 1 1 1 1 1 1 1 1 1 0 1 1 0 1 1 0 1 1 0 1 1
 0 0 1]"
24,0.9999998204111907,"[1 1 1 1 1 1 1 1 1 1 1 1 1 1 1 1 1 1 1 1 1 1 1 1 1 0 1 1 0 0 1 0 1 1 0 1 1
 1 0 1]"
24,0.9999997831582944,"[1 1 1 1 1 1 1 1 1 1 1 1 1 1 1 1 1 1 1 1 1 1 1 1 1 0 1 0 0 0 1 0 1 1 0 1 1
 1 0 1]"
24,0.9999997830855348,"[1 1 1 1 1 1 1 1 1 1 1 1 1 1 1 1 1 1 1 1 1 1 1 1 1 0 1 0 0 0 1 0 1 1 0 1 0
 1 0 1]"
24,0.9999998296880352,"[1 1 1 1 1 1 1 1 1 1 1 1 1 1 1 1 1 1 1 1 1 1 1 1 1 0 1 1 0 1 1 0 1 1 0 1 1
 0 0 1]"
24,0.9999981998385951,"[1 1 1 1 1 1 1 1 1 1 1 1 1 1 1 1 1 1 1 1 1 1 0 0 1 1 1 1 1 0 1 0 1 1 0 1 0
 1 0 1]"
24,0.9999998204111907,"[1 1 1 1 1 1 1 1 1 1 1 1 1 1 1 1 1 1 1 1 1 1 1 1 1 0 1 1 0 0 1 0 1 1 0 1 1
 1 0 1]"
24,0.2630755249633352,"[1 1 0 1 1 1 1 1 1 1 1 1 1 1 1 1 1 1 1 1 1 1 1 1 1 0 1 1 0 1 1 0 1 1 0 1 1
 0 1 1]"
24,0.9999998296880352,"[1 1 1 1 1 1 1 1 1 1 1 1 1 1 1 1 1 1 1 1 1 1 1 1 1 0 1 1 0 1 1 0 1 1 0 1 1
 0 0 1]"
24,0.9999998017847423,"[1 1 1 1 1 1 1 1 1 1 1 1 1 1 1 1 1 1 1 1 1 1 1 1 1 0 1 0 1 0 1 0 1 1 0 1 1
 1 0 1]"
24,0.9999998017847423,"[1 1 1 1 1 1 1 1 1 1 1 1 1 1 1 1 1 1 1 1 1 1 1 1 1 0 1 0 1 0 1 0 1 1 0 1 1
 1 0 1]"
24,0.9999998017756474,"[1 1 1 1 1 1 1 1 1 1 1 1 1 1 1 1 1 1 1 1 1 1 1 1 1 0 1 0 1 0 1 0 1 1 0 1 1
 1 0 0]"
24,0.9999998296880352,"[1 1 1 1 1 1 1 1 1 1 1 1 1 1 1 1 1 1 1 1 1 1 1 1 1 0 1 1 0 1 1 0 1 1 0 1 1
 0 0 1]"
24,0.9999616833760556,"[1 1 1 1 1 1 1 1 1 1 1 1 1 1 1 1 1 0 1 1 1 1 1 1 1 0 1 1 0 1 1 0 1 1 0 1 1
 0 0 1]"
24,0.9999998017847423,"[1 1 1 1 1 1 1 1 1 1 1 1 1 1 1 1 1 1 1 1 1 1 1 1 1 0 1 0 1 0 1 0 1 1 0 1 1
 1 0 1]"
24,0.999999848314484,"[1 1 1 1 1 1 1 1 1 1 1 1 1 1 1 1 1 1 1 1 1 1 1 1 1 0 1 1 1 1 1 0 1 1 0 1 1
 0 0 1]"
24,0.9999997924715184,"[1 1 1 1 1 1 1 1 1 1 1 1 1 1 1 1 1 1 1 1 1 1 1 1 1 0 1 0 0 1 1 0 1 1 0 1 1
 1 0 1]"
24,0.9999998296880352,"[1 1 1 1 1 1 1 1 1 1 1 1 1 1 1 1 1 1 1 1 1 1 1 1 1 0 1 1 0 1 1 0 1 1 0 1 1
 0 0 1]"
24,0.9999998296880352,"[1 1 1 1 1 1 1 1 1 1 1 1 1 1 1 1 1 1 1 1 1 1 1 1 1 0 1 1 0 1 1 0 1 1 0 1 1
 0 0 1]"
24,0.055947946310667296,"[1 0 1 1 1 1 1 1 1 1 0 1 1 1 1 1 1 1 1 1 1 1 1 1 1 0 1 0 0 0 1 0 1 1 0 1 1
 1 0 1]"
24,0.9999997831491995,"[1 1 1 1 1 1 1 1 1 1 1 1 1 1 1 1 1 1 1 1 1 1 1 1 1 0 1 0 0 0 1 0 1 1 0 1 1
 1 0 0]"
24,0.9999997831582944,"[1 1 1 1 1 1 1 1 1 1 1 1 1 1 1 1 1 1 1 1 1 1 1 1 1 0 1 0 0 0 1 0 1 1 0 1 1
 1 0 1]"
24,0.9999998296880352,"[1 1 1 1 1 1 1 1 1 1 1 1 1 1 1 1 1 1 1 1 1 1 1 1 1 0 1 1 0 1 1 0 1 1 0 1 1
 0 0 1]"
24,0.9999993735947956,"[1 1 1 1 1 1 1 1 1 1 1 1 1 1 1 1 1 1 1 1 1 1 1 0 1 1 1 1 0 0 1 0 1 1 1 1 0
 1 0 1]"
24,0.9999998204111907,"[1 1 1 1 1 1 1 1 1 1 1 1 1 1 1 1 1 1 1 1 1 1 1 1 1 0 1 1 0 0 1 0 1 1 0 1 1
 1 0 1]"
24,0.9999998017756474,"[1 1 1 1 1 1 1 1 1 1 1 1 1 1 1 1 1 1 1 1 1 1 1 1 1 0 1 0 1 0 1 0 1 1 0 1 1
 1 0 0]"
24,0.9999234918471622,"[1 1 1 1 1 1 1 1 1 1 1 1 1 1 1 1 0 1 1 1 1 1 1 1 1 0 1 0 0 0 1 0 1 1 0 1 1
 1 0 1]"
24,0.9999998296880352,"[1 1 1 1 1 1 1 1 1 1 1 1 1 1 1 1 1 1 1 1 1 1 1 1 1 0 1 1 0 1 1 0 1 1 0 1 1
 0 0 1]"
24,0.9999999696410673,"[1 1 1 1 1 1 1 1 1 1 1 1 1 1 1 1 1 1 1 1 1 1 1 1 1 1 1 1 0 0 1 0 1 1 1 1 0
 1 0 1]"
24,0.9999998296789403,"[1 1 1 1 1 1 1 1 1 1 1 1 1 1 1 1 1 1 1 1 1 1 1 1 1 0 1 1 0 1 1 0 1 1 0 1 1
 0 0 0]"
24,0.0009765621673861146,"[0 1 1 1 1 1 1 1 1 1 1 1 1 1 1 1 1 1 1 1 1 1 1 1 1 0 1 1 0 1 1 0 1 1 0 1 1
 0 1 1]"
24,0.9999998296789403,"[1 1 1 1 1 1 1 1 1 1 1 1 1 1 1 1 1 1 1 1 1 1 1 1 1 0 1 1 0 1 1 0 1 1 0 1 1
 0 0 0]"
24,0.8542907019584799,"[1 1 1 1 1 0 1 1 1 1 1 1 1 1 1 1 1 1 1 1 1 1 1 1 1 0 1 1 0 1 1 0 1 1 0 1 1
 0 0 1]"
24,0.9999998204111907,"[1 1 1 1 1 1 1 1 1 1 1 1 1 1 1 1 1 1 1 1 1 1 1 1 1 0 1 1 0 0 1 0 1 1 0 1 1
 1 0 1]"
24,0.9999997831582944,"[1 1 1 1 1 1 1 1 1 1 1 1 1 1 1 1 1 1 1 1 1 1 1 1 1 0 1 0 0 0 1 0 1 1 0 1 1
 1 0 1]"
24,0.9999998296880352,"[1 1 1 1 1 1 1 1 1 1 1 1 1 1 1 1 1 1 1 1 1 1 1 1 1 0 1 1 0 1 1 0 1 1 0 1 1
 0 0 1]"
24,0.9999997831582944,"[1 1 1 1 1 1 1 1 1 1 1 1 1 1 1 1 1 1 1 1 1 1 1 1 1 0 1 0 0 0 1 0 1 1 0 1 1
 1 0 1]"
step,fitness,genome
25,0.9999998296880352,"[1 1 1 1 1 1 1 1 1 1 1 1 1 1 1 1 1 1 1 1 1 1 1 1 1 0 1 1 0 1 1 0 1 1 0 1 1
 0 0 1]"
25,0.9999995502913408,"[1 1 1 1 1 1 1 1 1 1 1 1 1 1 1 1 1 1 1 1 1 1 1 1 0 0 1 1 1 1 1 0 1 1 0 1 1
 0 0 1]"
25,0.9999998296880352,"[1 1 1 1 1 1 1 1 1 1 1 1 1 1 1 1 1 1 1 1 1 1 1 1 1 0 1 1 0 1 1 0 1 1 0 1 1
 0 0 1]"
25,0.9999998296880352,"[1 1 1 1 1 1 1 1 1 1 1 1 1 1 1 1 1 1 1 1 1 1 1 1 1 0 1 1 0 1 1 0 1 1 0 1 1
 0 0 1]"
25,0.9806393530145333,"[1 1 1 1 1 1 1 1 0 1 1 1 1 1 1 1 1 1 1 1 1 1 1 1 1 0 1 1 0 1 1 0 1 1 0 1 1
 0 0 1]"
25,0.99999029298726,"[1 1 1 1 1 1 1 1 1 1 1 1 1 1 1 1 1 1 1 0 1 1 1 1 1 0 1 1 0 1 1 0 1 1 0 1 1
 0 0 1]"
25,0.9999997831401045,"[1 1 1 1 1 1 1 1 1 1 1 1 1 1 1 1 1 1 1 1 1 1 1 1 1 0 1 0 0 0 1 0 1 1 0 1 1
 0 1 1]"
25,0.9999998483508638,"[1 1 1 1 1 1 1 1 1 1 1 1 1 1 1 1 1 1 1 1 1 1 1 1 1 0 1 1 1 1 1 0 1 1 0 1 1
 1 0 1]"
25,0.9999998296880352,"[1 1 1 1 1 1 1 1 1 1 1 1 1 1 1 1 1 1 1 1 1 1 1 1 1 0 1 1 0 1 1 0 1 1 0 1 1
 0 0 1]"
25,0.9999998297062251,"[1 1 1 1 1 1 1 1 1 1 1 1 1 1 1 1 1 1 1 1 1 1 1 1 1 0 1 1 0 1 1 0 1 1 0 1 1
 0 1 1]"
25,0.9999997831219146,"[1 1 1 1 1 1 1 1 1 1 1 1 1 1 1 1 1 1 1 1 1 1 1 1 1 0 1 0 0 0 1 0 1 1 0 1 1
 0 0 1]"
25,0.9999997831582944,"[1 1 1 1 1 1 1 1 1 1 1 1 1 1 1 1 1 1 1 1 1 1 1 1 1 0 1 0 0 0 1 0 1 1 0 1 1
 1 0 1]"
25,0.9999998285602619,"[1 1 1 1 1 1 1 1 1 1 1 1 1 1 1 1 1 1 1 1 1 1 1 1 1 0 1 1 0 1 1 0 0 1 0 1 1
 1 0 1]"
25,0.9999998110979665,"[1 1 1 1 1 1 1 1 1 1 1 1 1 1 1 1 1 1 1 1 1 1 1 1 1 0 1 0 1 1 1 0 1 1 0 1 1
 1 0 1]"
25,0.9999999696410673,"[1 1 1 1 1 1 1 1 1 1 1 1 1 1 1 1 1 1 1 1 1 1 1 1 1 1 1 1 0 0 1 0 1 1 1 1 0
 1 0 1]"
25,0.9902771113957725,"[1 1 1 1 1 1 1 1 1 0 1 1 1 1 1 1 1 1 1 1 1 1 1 1 1 1 1 0 0 0 1 0 1 1 0 0 1
 1 0 1]"
25,0.9999998204111907,"[1 1 1 1 1 1 1 1 1 1 1 1 1 1 1 1 1 1 1 1 1 1 1 1 1 0 1 1 0 0 1 0 1 1 0 1 1
 1 0 1]"
25,0.9999998285238821,"[1 1 1 1 1 1 1 1 1 1 1 1 1 1 1 1 1 1 1 1 1 1 1 1 1 0 1 1 0 1 1 0 0 1 0 1 1
 0 0 1]"
25,0.9999999873944035,"[1 1 1 1 1 1 1 1 1 1 1 1 1 1 1 1 1 1 1 1 1 1 1 1 1 1 1 1 1 0 1 0 1 0 0 1 0
 1 0 1]"
25,0.9999998299790734,"[1 1 1 1 1 1 1 1 1 1 1 1 1 1 1 1 1 1 1 1 1 1 1 1 1 0 1 1 0 1 1 0 1 1 1 1 1
 0 0 1]"
25,0.9999998297062251,"[1 1 1 1 1 1 1 1 1 1 1 1 1 1 1 1 1 1 1 1 1 1 1 1 1 0 1 1 0 1 1 0 1 1 0 1 1
 0 1 1]"
25,0.9999998296880352,"[1 1 1 1 1 1 1 1 1 1 1 1 1 1 1 1 1 1 1 1 1 1 1 1 1 0 1 1 0 1 1 0 1 1 0 1 1
 0 0 1]"
25,0.9999235104723313,"[1 1 1 1 1 1 1 1 1 1 1 1 1 1 1 1 0 1 1 1 1 1 1 1 1 0 1 0 1 0 1 0 1 1 0 1 1
 1 0 1]"
25,0.9999998297062251,"[1 1 1 1 1 1 1 1 1 1 1 1 1 1 1 1 1 1 1 1 1 1 1 1 1 0 1 1 0 1 1 0 1 1 0 1 1
 0 1 1]"
25,0.9999999882675185,"[1 1 1 1 1 1 1 1 1 1 1 1 1 1 1 1 1 1 1 1 1 1 1 1 1 1 1 1 1 0 1 0 1 1 1 1 0
 1 0 1]"
25,0.9999999684769141,"[1 1 1 1 1 1 1 1 1 1 1 1 1 1 1 1 1 1 1 1 1 1 1 1 1 1 1 1 0 0 1 0 0 1 1 1 0
 1 0 1]"
25,0.8542886328429818,"[1 1 1 1 1 0 1 1 1 1 1 1 1 1 1 1 1 1 1 1 1 0 1 1 1 0 1 1 0 1 1 0 1 1 0 1 1
 0 0 1]"
25,0.9999998296880352,"[1 1 1 1 1 1 1 1 1 1 1 1 1 1 1 1 1 1 1 1 1 1 1 1 1 0 1 1 0 1 1 0 1 1 0 1 1
 0 0 1]"
25,0.999980728465525,"[1 1 1 1 1 1 1 1 1 1 1 1 1 1 1 1 1 1 0 1 1 1 1 1 1 0 1 0 1 0 1 0 1 1 0 1 1
 1 0 1]"
25,0.05631350052428663,"[1 0 1 1 1 1 1 1 1 1 1 1 1 1 1 1 1 1 1 1 1 1 1 1 1 0 1 0 1 1 1 0 1 1 0 1 1
 0 1 1]"
25,0.9999999320243681,"[1 1 1 1 1 1 1 1 1 1 1 1 1 1 1 1 1 1 1 1 1 1 1 1 1 1 1 0 0 0 1 0 1 1 0 0 1
 1 0 1]"
25,0.2630741389914417,"[1 1 0 1 1 1 1 1 1 1 1 1 1 1 1 1 1 1 1 1 0 1 1 1 1 1 1 1 1 0 1 0 1 1 1 1 0
 1 0 1]"
25,0.9999998296880352,"[1 1 1 1 1 1 1 1 1 1 1 1 1 1 1 1 1 1 1 1 1 1 1 1 1 0 1 1 0 1 1 0 1 1 0 1 1
 0 0 1]"
25,0.9999998204111907,"[1 1 1 1 1 1 1 1 1 1 1 1 1 1 1 1 1 1 1 1 1 1 1 1 1 0 1 1 0 0 1 0 1 1 0 1 1
 1 0 1]"
25,0.9999998297062251,"[1 1 1 1 1 1 1 1 1 1 1 1 1 1 1 1 1 1 1 1 1 1 1 1 1 0 1 1 0 1 1 0 1 1 0 1 1
 0 1 1]"
25,0.9616168682434947,"[1 1 1 1 1 1 1 0 1 1 1 1 1 1 1 1 1 1 1 1 1 1 1 1 1 0 1 1 0 0 1 0 1 1 0 1 1
 1 0 1]"
25,0.9999998296880352,"[1 1 1 1 1 1 1 1 1 1 1 1 1 1 1 1 1 1 1 1 1 1 1 1 1 0 1 1 0 1 1 0 1 1 0 1 1
 0 0 1]"
25,0.9999998296880352,"[1 1 1 1 1 1 1 1 1 1 1 1 1 1 1 1 1 1 1 1 1 1 1 1 1 0 1 1 0 1 1 0 1 1 0 1 1
 0 0 1]"
25,0.9999999696410673,"[1 1 1 1 1 1 1 1 1 1 1 1 1 1 1 1 1 1 1 1 1 1 1 1 1 1 1 1 0 0 1 0 1 1 1 1 0
 1 0 1]"
25,0.9999998296880352,"[1 1 1 1 1 1 1 1 1 1 1 1 1 1 1 1 1 1 1 1 1 1 1 1 1 0 1 1 0 1 1 0 1 1 0 1 1
 0 0 1]"
25,0.9999998017847423,"[1 1 1 1 1 1 1 1 1 1 1 1 1 1 1 1 1 1 1 1 1 1 1 1 1 0 1 0 1 0 1 0 1 1 0 1 1
 1 0 1]"
25,0.0009765620945910361,"[0 1 1 1 1 1 1 1 1 1 1 1 1 1 1 1 1 1 1 1 1 1 1 1 1 0 1 0 0 1 1 0 1 1 0 1 1
 0 0 1]"
25,0.9999998297062251,"[1 1 1 1 1 1 1 1 1 1 1 1 1 1 1 1 1 1 1 1 1 1 1 1 1 0 1 1 0 1 1 0 1 1 0 1 1
 0 1 1]"
25,0.9999998296789403,"[1 1 1 1 1 1 1 1 1 1 1 1 1 1 1 1 1 1 1 1 1 1 1 1 1 0 1 1 0 1 1 0 1 1 0 1 1
 0 0 0]"
25,0.9999998297062251,"[1 1 1 1 1 1 1 1 1 1 1 1 1 1 1 1 1 1 1 1 1 1 1 1 1 0 1 1 0 1 1 0 1 1 0 1 1
 0 1 1]"
25,0.5244603797717226,"[1 1 1 0 1 1 1 1 1 1 1 1 1 1 1 1 1 1 1 1 1 1 1 1 1 0 1 1 0 1 1 0 1 1 0 1 1
 0 0 1]"
25,0.9999998299972633,"[1 1 1 1 1 1 1 1 1 1 1 1 1 1 1 1 1 1 1 1 1 1 1 1 1 0 1 1 0 1 1 0 1 1 1 1 1
 0 1 1]"
25,0.9999998296880352,"[1 1 1 1 1 1 1 1 1 1 1 1 1 1 1 1 1 1 1 1 1 1 1 1 1 0 1 1 0 1 1 0 1 1 0 1 1
 0 0 1]"
25,0.9999998297062251,"[1 1 1 1 1 1 1 1 1 1 1 1 1 1 1 1 1 1 1 1 1 1 1 1 1 0 1 1 0 1 1 0 1 1 0 1 1
 0 1 1]"
25,0.9999998204111907,"[1 1 1 1 1 1 1 1 1 1 1 1 1 1 1 1 1 1 1 1 1 1 1 1 1 0 1 1 0 0 1 0 1 1 0 1 1
 1 0 1]"
25,0.9999999882675185,"[1 1 1 1 1 1 1 1 1 1 1 1 1 1 1 1 1 1 1 1 1 1 1 1 1 1 1 1 1 0 1 0 1 1 1 1 0
 1 0 1]"
25,0.9999998203748109,"[1 1 1 1 1 1 1 1 1 1 1 1 1 1 1 1 1 1 1 1 1 1 1 1 1 0 1 1 0 0 1 0 1 1 0 1 1
 0 0 1]"
25,0.9999999882584235,"[1 1 1 1 1 1 1 1 1 1 1 1 1 1 1 1 1 1 1 1 1 1 1 1 1 1 1 1 1 0 1 0 1 1 1 1 0
 1 0 0]"
25,0.0009765624406963285,"[0 1 1 1 1 1 1 1 1 1 1 1 1 1 1 1 1 1 1 1 1 1 1 1 1 1 1 1 0 0 1 0 1 1 1 1 0
 1 0 1]"
25,0.9999950613274159,"[1 1 1 1 1 1 1 1 1 1 1 1 1 1 1 1 1 1 1 1 0 1 1 1 1 0 1 1 0 1 1 0 1 1 0 1 1
 0 0 1]"
25,0.9999999696410673,"[1 1 1 1 1 1 1 1 1 1 1 1 1 1 1 1 1 1 1 1 1 1 1 1 1 1 1 1 0 0 1 0 1 1 1 1 0
 1 0 1]"
25,0.9999999320243681,"[1 1 1 1 1 1 1 1 1 1 1 1 1 1 1 1 1 1 1 1 1 1 1 1 1 1 1 0 0 0 1 0 1 1 0 0 1
 1 0 1]"
25,0.9616168592174984,"[1 1 1 1 1 1 1 0 1 1 1 1 1 1 1 1 1 1 1 1 1 1 1 1 1 0 1 0 1 1 1 0 1 1 0 1 1
 0 0 1]"
25,0.9999999320243681,"[1 1 1 1 1 1 1 1 1 1 1 1 1 1 1 1 1 1 1 1 1 1 1 1 1 1 1 0 0 0 1 0 1 1 0 0 1
 1 0 1]"
25,0.9999807563683388,"[1 1 1 1 1 1 1 1 1 1 1 1 1 1 1 1 1 1 0 1 1 1 1 1 1 0 1 1 0 1 1 0 1 1 0 1 1
 0 0 1]"
25,0.9999998296880352,"[1 1 1 1 1 1 1 1 1 1 1 1 1 1 1 1 1 1 1 1 1 1 1 1 1 0 1 1 0 1 1 0 1 1 0 1 1
 0 0 1]"
25,0.9999998017847423,"[1 1 1 1 1 1 1 1 1 1 1 1 1 1 1 1 1 1 1 1 1 1 1 1 1 0 1 0 1 0 1 0 1 1 0 1 1
 1 0 1]"
25,0.9999998296880352,"[1 1 1 1 1 1 1 1 1 1 1 1 1 1 1 1 1 1 1 1 1 1 1 1 1 0 1 1 0 1 1 0 1 1 0 1 1
 0 0 1]"
25,0.9999998296880352,"[1 1 1 1 1 1 1 1 1 1 1 1 1 1 1 1 1 1 1 1 1 1 1 1 1 0 1 1 0 1 1 0 1 1 0 1 1
 0 0 1]"
25,0.9999998297062251,"[1 1 1 1 1 1 1 1 1 1 1 1 1 1 1 1 1 1 1 1 1 1 1 1 1 0 1 1 0 1 1 0 1 1 0 1 1
 0 1 1]"
25,0.9999998297062251,"[1 1 1 1 1 1 1 1 1 1 1 1 1 1 1 1 1 1 1 1 1 1 1 1 1 0 1 1 0 1 1 0 1 1 0 1 1
 0 1 1]"
25,0.9999998296880352,"[1 1 1 1 1 1 1 1 1 1 1 1 1 1 1 1 1 1 1 1 1 1 1 1 1 0 1 1 0 1 1 0 1 1 0 1 1
 0 0 1]"
25,0.9999998483326739,"[1 1 1 1 1 1 1 1 1 1 1 1 1 1 1 1 1 1 1 1 1 1 1 1 1 0 1 1 1 1 1 0 1 1 0 1 1
 0 1 1]"
25,0.5244603797717226,"[1 1 1 0 1 1 1 1 1 1 1 1 1 1 1 1 1 1 1 1 1 1 1 1 1 0 1 1 0 1 1 0 1 1 0 1 1
 0 0 1]"
25,0.9975611042754193,"[1 1 1 1 1 1 1 1 1 1 1 0 1 1 1 1 1 1 1 1 1 1 1 1 1 0 1 1 0 1 1 0 1 1 0 1 1
 0 0 1]"
25,0.9999999882675185,"[1 1 1 1 1 1 1 1 1 1 1 1 1 1 1 1 1 1 1 1 1 1 1 1 1 1 1 1 1 0 1 0 1 1 1 1 0
 1 0 1]"
25,0.9999999696410673,"[1 1 1 1 1 1 1 1 1 1 1 1 1 1 1 1 1 1 1 1 1 1 1 1 1 1 1 1 0 0 1 0 1 1 1 1 0
 1 0 1]"
25,0.9999998204111907,"[1 1 1 1 1 1 1 1 1 1 1 1 1 1 1 1 1 1 1 1 1 1 1 1 1 0 1 1 0 0 1 0 1 1 0 1 1
 1 0 1]"
25,0.9999998483508638,"[1 1 1 1 1 1 1 1 1 1 1 1 1 1 1 1 1 1 1 1 1 1 1 1 1 0 1 1 1 1 1 0 1 1 0 1 1
 1 0 1]"
25,0.9999997831582944,"[1 1 1 1 1 1 1 1 1 1 1 1 1 1 1 1 1 1 1 1 1 1 1 1 1 0 1 0 0 0 1 0 1 1 0 1 1
 1 0 1]"
25,0.9999999692772694,"[1 1 1 1 1 1 1 1 1 1 1 1 1 1 1 1 1 1 1 1 1 1 1 1 1 1 1 1 0 0 1 0 1 1 0 0 1
 1 0 1]"
25,0.9999998204111907,"[1 1 1 1 1 1 1 1 1 1 1 1 1 1 1 1 1 1 1 1 1 1 1 1 1 0 1 1 0 0 1 0 1 1 0 1 1
 1 0 1]"
25,0.9999998296880352,"[1 1 1 1 1 1 1 1 1 1 1 1 1 1 1 1 1 1 1 1 1 1 1 1 1 0 1 1 0 1 1 0 1 1 0 1 1
 0 0 1]"
25,0.9999998296880352,"[1 1 1 1 1 1 1 1 1 1 1 1 1 1 1 1 1 1 1 1 1 1 1 1 1 0 1 1 0 1 1 0 1 1 0 1 1
 0 0 1]"
25,0.9999998390194494,"[1 1 1 1 1 1 1 1 1 1 1 1 1 1 1 1 1 1 1 1 1 1 1 1 1 0 1 1 1 0 1 0 1 1 0 1 1
 0 1 1]"
25,0.9999998285238821,"[1 1 1 1 1 1 1 1 1 1 1 1 1 1 1 1 1 1 1 1 1 1 1 1 1 0 1 1 0 1 1 0 0 1 0 1 1
 0 0 1]"
25,0.9999998296880352,"[1 1 1 1 1 1 1 1 1 1 1 1 1 1 1 1 1 1 1 1 1 1 1 1 1 0 1 1 0 1 1 0 1 1 0 1 1
 0 0 1]"
25,0.9999998297062251,"[1 1 1 1 1 1 1 1 1 1 1 1 1 1 1 1 1 1 1 1 1 1 1 1 1 0 1 1 0 1 1 0 1 1 0 1 1
 0 1 1]"
25,0.9999998110979665,"[1 1 1 1 1 1 1 1 1 1 1 1 1 1 1 1 1 1 1 1 1 1 1 1 1 0 1 0 1 1 1 0 1 1 0 1 1
 1 0 1]"
25,0.9999997831582944,"[1 1 1 1 1 1 1 1 1 1 1 1 1 1 1 1 1 1 1 1 1 1 1 1 1 0 1 0 0 0 1 0 1 1 0 1 1
 1 0 1]"
25,0.9999998204020958,"[1 1 1 1 1 1 1 1 1 1 1 1 1 1 1 1 1 1 1 1 1 1 1 1 1 0 1 1 0 0 1 0 1 1 0 1 1
 1 0 0]"
25,0.9999997911254664,"[1 1 1 1 1 1 1 1 1 1 1 1 1 1 1 1 1 1 1 1 1 1 1 1 1 0 1 0 0 1 1 0 0 1 0 0 1
 0 0 1]"
25,0.9999999787360141,"[1 1 1 1 1 1 1 1 1 1 1 1 1 1 1 1 1 1 1 1 1 1 1 1 1 1 1 1 0 1 1 0 1 1 0 1 1
 1 0 1]"
25,0.9999998296789403,"[1 1 1 1 1 1 1 1 1 1 1 1 1 1 1 1 1 1 1 1 1 1 1 1 1 0 1 1 0 1 1 0 1 1 0 1 1
 0 0 0]"
25,0.9999998296880352,"[1 1 1 1 1 1 1 1 1 1 1 1 1 1 1 1 1 1 1 1 1 1 1 1 1 0 1 1 0 1 1 0 1 1 0 1 1
 0 0 1]"
25,0.0009765621492317534,"[0 1 1 1 1 1 1 1 1 1 1 1 1 1 1 1 1 1 1 1 1 1 1 1 1 0 1 1 0 0 1 0 1 1 0 1 1
 1 0 1]"
25,0.9999998296880352,"[1 1 1 1 1 1 1 1 1 1 1 1 1 1 1 1 1 1 1 1 1 1 1 1 1 0 1 1 0 1 1 0 1 1 0 1 1
 0 0 1]"
25,0.9999999789542928,"[1 1 1 1 1 1 1 1 1 1 1 1 1 1 1 1 1 1 1 1 1 1 1 1 1 1 1 1 0 1 1 0 1 1 1 1 0
 1 0 1]"
25,0.9999998285238821,"[1 1 1 1 1 1 1 1 1 1 1 1 1 1 1 1 1 1 1 1 1 1 1 1 1 0 1 1 0 1 1 0 0 1 0 1 1
 0 0 1]"
25,0.9616168951810017,"[1 1 1 1 1 1 1 0 1 1 1 1 1 1 1 1 1 1 1 1 1 1 1 1 1 0 1 1 1 1 1 0 1 1 0 1 1
 0 0 1]"
25,0.9999998204293806,"[1 1 1 1 1 1 1 1 1 1 1 1 1 1 1 1 1 1 1 1 1 1 1 1 1 0 1 1 0 0 1 0 1 1 0 1 1
 1 1 1]"
25,0.9999809149450999,"[1 1 1 1 1 1 1 1 1 1 1 1 1 1 1 1 1 1 0 1 1 1 1 1 1 1 1 1 1 0 1 0 1 1 1 1 0
 1 0 1]"
25,0.9999998204111907,"[1 1 1 1 1 1 1 1 1 1 1 1 1 1 1 1 1 1 1 1 1 1 1 1 1 0 1 1 0 0 1 0 1 1 0 1 1
 1 0 1]"
25,0.999999848314484,"[1 1 1 1 1 1 1 1 1 1 1 1 1 1 1 1 1 1 1 1 1 1 1 1 1 0 1 1 1 1 1 0 1 1 0 1 1
 0 0 1]"
25,0.9999998296880352,"[1 1 1 1 1 1 1 1 1 1 1 1 1 1 1 1 1 1 1 1 1 1 1 1 1 0 1 1 0 1 1 0 1 1 0 1 1
 0 0 1]"
step,fitness,genome
26,0.9987797970840747,"[1 1 1 1 1 1 1 1 1 1 1 1 0 1 1 1 1 1 1 1 1 1 1 1 1 0 1 1 0 1 1 0 1 1 0 1 1
 0 0 1]"
26,0.9999999696410673,"[1 1 1 1 1 1 1 1 1 1 1 1 1 1 1 1 1 1 1 1 1 1 1 1 1 1 1 1 0 0 1 0 1 1 1 1 0
 1 0 1]"
26,0.9999998299245038,"[1 1 1 1 1 1 1 1 1 1 1 1 1 1 1 1 1 1 1 1 1 1 1 1 1 0 1 1 0 1 1 0 1 1 1 1 0
 0 1 1]"
26,0.9999999696410673,"[1 1 1 1 1 1 1 1 1 1 1 1 1 1 1 1 1 1 1 1 1 1 1 1 1 1 1 1 0 0 1 0 1 1 1 1 0
 1 0 1]"
26,0.9999999694227886,"[1 1 1 1 1 1 1 1 1 1 1 1 1 1 1 1 1 1 1 1 1 1 1 1 1 1 1 1 0 0 1 0 1 1 0 1 1
 1 0 1]"
26,0.9999998299063139,"[1 1 1 1 1 1 1 1 1 1 1 1 1 1 1 1 1 1 1 1 1 1 1 1 1 0 1 1 0 1 1 0 1 1 1 1 0
 0 0 1]"
26,0.9999999696410673,"[1 1 1 1 1 1 1 1 1 1 1 1 1 1 1 1 1 1 1 1 1 1 1 1 1 1 1 1 0 0 1 0 1 1 1 1 0
 1 0 1]"
26,0.9999999789542928,"[1 1 1 1 1 1 1 1 1 1 1 1 1 1 1 1 1 1 1 1 1 1 1 1 1 1 1 1 0 1 1 0 1 1 1 1 0
 1 0 1]"
26,0.9999998296880352,"[1 1 1 1 1 1 1 1 1 1 1 1 1 1 1 1 1 1 1 1 1 1 1 1 1 0 1 1 0 1 1 0 1 1 0 1 1
 0 0 1]"
26,0.999999755200433,"[1 1 1 1 1 1 1 1 1 1 1 1 1 1 1 1 1 1 1 1 1 1 1 1 1 0 0 1 0 1 1 0 1 1 0 1 1
 0 1 1]"
26,0.9999998296880352,"[1 1 1 1 1 1 1 1 1 1 1 1 1 1 1 1 1 1 1 1 1 1 1 1 1 0 1 1 0 1 1 0 1 1 0 1 1
 0 0 1]"
26,0.9999998297062251,"[1 1 1 1 1 1 1 1 1 1 1 1 1 1 1 1 1 1 1 1 1 1 1 1 1 0 1 1 0 1 1 0 1 1 0 1 1
 0 1 1]"
26,0.9999986375959619,"[1 1 1 1 1 1 1 1 1 1 1 1 1 1 1 1 1 1 1 1 1 1 0 1 1 0 1 1 0 1 1 0 1 1 0 1 1
 0 0 1]"
26,0.9999998296880352,"[1 1 1 1 1 1 1 1 1 1 1 1 1 1 1 1 1 1 1 1 1 1 1 1 1 0 1 1 0 1 1 0 1 1 0 1 1
 0 0 1]"
26,0.9999998299790734,"[1 1 1 1 1 1 1 1 1 1 1 1 1 1 1 1 1 1 1 1 1 1 1 1 1 0 1 1 0 1 1 0 1 1 1 1 1
 0 0 1]"
26,0.9999998297062251,"[1 1 1 1 1 1 1 1 1 1 1 1 1 1 1 1 1 1 1 1 1 1 1 1 1 0 1 1 0 1 1 0 1 1 0 1 1
 0 1 1]"
26,0.9999998390194494,"[1 1 1 1 1 1 1 1 1 1 1 1 1 1 1 1 1 1 1 1 1 1 1 1 1 0 1 1 1 0 1 0 1 1 0 1 1
 0 1 1]"
26,0.9999987422604888,"[1 1 1 1 1 1 1 1 1 1 1 1 1 1 1 1 1 1 1 1 1 1 0 1 1 1 1 0 0 0 1 1 1 1 0 0 1
 1 0 1]"
26,0.9999998296880352,"[1 1 1 1 1 1 1 1 1 1 1 1 1 1 1 1 1 1 1 1 1 1 1 1 1 0 1 1 0 1 1 0 1 1 0 1 1
 0 0 1]"
26,0.9999999696410673,"[1 1 1 1 1 1 1 1 1 1 1 1 1 1 1 1 1 1 1 1 1 1 1 1 1 1 1 1 0 0 1 0 1 1 1 1 0
 1 0 1]"
26,0.9999999684769141,"[1 1 1 1 1 1 1 1 1 1 1 1 1 1 1 1 1 1 1 1 1 1 1 1 1 1 1 1 0 0 1 0 0 1 1 1 0
 1 0 1]"
26,0.9999998483508638,"[1 1 1 1 1 1 1 1 1 1 1 1 1 1 1 1 1 1 1 1 1 1 1 1 1 0 1 1 1 1 1 0 1 1 0 1 1
 1 0 1]"
26,0.9999998297062251,"[1 1 1 1 1 1 1 1 1 1 1 1 1 1 1 1 1 1 1 1 1 1 1 1 1 0 1 1 0 1 1 0 1 1 0 1 1
 0 1 1]"
26,0.9999998297062251,"[1 1 1 1 1 1 1 1 1 1 1 1 1 1 1 1 1 1 1 1 1 1 1 1 1 0 1 1 0 1 1 0 1 1 0 1 1
 0 1 1]"
26,0.9999999696410673,"[1 1 1 1 1 1 1 1 1 1 1 1 1 1 1 1 1 1 1 1 1 1 1 1 1 1 1 1 0 0 1 0 1 1 1 1 0
 1 0 1]"
26,0.9998474108554571,"[1 1 1 1 1 1 1 1 1 1 1 1 1 1 1 0 1 1 1 1 1 1 1 1 1 1 1 1 1 0 1 0 1 1 1 1 0
 1 0 1]"
26,0.9999999967076292,"[1 1 1 1 1 1 1 1 1 1 1 1 1 1 1 1 1 1 1 1 1 1 1 1 1 1 1 1 1 1 1 0 1 0 0 1 0
 1 0 1]"
26,0.9999998203748109,"[1 1 1 1 1 1 1 1 1 1 1 1 1 1 1 1 1 1 1 1 1 1 1 1 1 0 1 1 0 0 1 0 1 1 0 1 1
 0 0 1]"
26,0.9999999696410673,"[1 1 1 1 1 1 1 1 1 1 1 1 1 1 1 1 1 1 1 1 1 1 1 1 1 1 1 1 0 0 1 0 1 1 1 1 0
 1 0 1]"
26,0.9999999920510163,"[1 1 1 1 1 1 1 1 1 1 1 1 1 1 1 1 1 1 1 1 1 1 1 1 1 1 1 1 1 1 0 0 1 0 0 1 0
 1 0 1]"
26,0.9987798157082397,"[1 1 1 1 1 1 1 1 1 1 1 1 0 1 1 1 1 1 1 1 1 1 1 1 1 0 1 1 1 1 1 0 1 1 0 1 1
 0 1 1]"
26,0.9999952198971236,"[1 1 1 1 1 1 1 1 1 1 1 1 1 1 1 1 1 1 1 1 0 1 1 1 1 1 1 1 1 0 1 0 1 1 1 1 0
 1 0 0]"
26,0.9999999787360141,"[1 1 1 1 1 1 1 1 1 1 1 1 1 1 1 1 1 1 1 1 1 1 1 1 1 1 1 1 0 1 1 0 1 1 0 1 1
 1 0 1]"
26,0.9999999787360141,"[1 1 1 1 1 1 1 1 1 1 1 1 1 1 1 1 1 1 1 1 1 1 1 1 1 1 1 1 0 1 1 0 1 1 0 1 1
 1 0 1]"
26,0.9999999882675185,"[1 1 1 1 1 1 1 1 1 1 1 1 1 1 1 1 1 1 1 1 1 1 1 1 1 1 1 1 1 0 1 0 1 1 1 1 0
 1 0 1]"
26,0.9999998483508638,"[1 1 1 1 1 1 1 1 1 1 1 1 1 1 1 1 1 1 1 1 1 1 1 1 1 0 1 1 1 1 1 0 1 1 0 1 1
 1 0 1]"
26,0.9993898043131522,"[1 1 1 1 1 1 1 1 1 1 1 1 1 0 1 1 1 1 1 1 1 1 1 1 1 1 1 1 1 0 1 0 1 1 1 1 0
 1 0 0]"
26,0.9999999696410673,"[1 1 1 1 1 1 1 1 1 1 1 1 1 1 1 1 1 1 1 1 1 1 1 1 1 1 1 1 0 0 1 0 1 1 1 1 0
 1 0 1]"
26,0.9999998297062251,"[1 1 1 1 1 1 1 1 1 1 1 1 1 1 1 1 1 1 1 1 1 1 1 1 1 0 1 1 0 1 1 0 1 1 0 1 1
 0 1 1]"
26,0.9999999789542928,"[1 1 1 1 1 1 1 1 1 1 1 1 1 1 1 1 1 1 1 1 1 1 1 1 1 1 1 1 0 1 1 0 1 1 1 1 0
 1 0 1]"
26,0.9902770099734053,"[1 1 1 1 1 1 1 1 1 0 1 1 1 1 1 1 1 1 1 1 1 1 1 1 1 0 1 1 0 1 1 0 1 1 0 1 1
 0 1 1]"
26,0.9999998297062251,"[1 1 1 1 1 1 1 1 1 1 1 1 1 1 1 1 1 1 1 1 1 1 1 1 1 0 1 1 0 1 1 0 1 1 0 1 1
 0 1 1]"
26,0.9999999692772694,"[1 1 1 1 1 1 1 1 1 1 1 1 1 1 1 1 1 1 1 1 1 1 1 1 1 1 1 1 0 0 1 0 1 1 0 0 1
 1 0 1]"
26,0.8542908395818463,"[1 1 1 1 1 0 1 1 1 1 1 1 1 1 1 1 1 1 1 1 1 1 1 1 1 1 1 1 1 0 1 0 1 1 1 1 0
 1 0 1]"
26,0.9999998297062251,"[1 1 1 1 1 1 1 1 1 1 1 1 1 1 1 1 1 1 1 1 1 1 1 1 1 0 1 1 0 1 1 0 1 1 0 1 1
 0 1 1]"
26,0.9999998297062251,"[1 1 1 1 1 1 1 1 1 1 1 1 1 1 1 1 1 1 1 1 1 1 1 1 1 0 1 1 0 1 1 0 1 1 0 1 1
 0 1 1]"
26,0.999999829724415,"[1 1 1 1 1 1 1 1 1 1 1 1 1 1 1 1 1 1 1 1 1 1 1 1 1 0 1 1 0 1 1 0 1 1 0 1 1
 1 0 1]"
26,0.9999999786996343,"[1 1 1 1 1 1 1 1 1 1 1 1 1 1 1 1 1 1 1 1 1 1 1 1 1 1 1 1 0 1 1 0 1 1 0 1 1
 0 0 1]"
26,0.9999999696410673,"[1 1 1 1 1 1 1 1 1 1 1 1 1 1 1 1 1 1 1 1 1 1 1 1 1 1 1 1 0 0 1 0 1 1 1 1 0
 1 0 1]"
26,0.9999998295425161,"[1 1 1 1 1 1 1 1 1 1 1 1 1 1 1 1 1 1 1 1 1 1 1 1 1 0 1 1 0 1 1 0 1 1 0 0 1
 0 0 1]"
26,0.9999998204293806,"[1 1 1 1 1 1 1 1 1 1 1 1 1 1 1 1 1 1 1 1 1 1 1 1 1 0 1 1 0 0 1 0 1 1 0 1 1
 1 1 1]"
26,0.9999998296880352,"[1 1 1 1 1 1 1 1 1 1 1 1 1 1 1 1 1 1 1 1 1 1 1 1 1 0 1 1 0 1 1 0 1 1 0 1 1
 0 0 1]"
26,0.9999998299972633,"[1 1 1 1 1 1 1 1 1 1 1 1 1 1 1 1 1 1 1 1 1 1 1 1 1 0 1 1 0 1 1 0 1 1 1 1 1
 0 1 1]"
26,0.9999998297062251,"[1 1 1 1 1 1 1 1 1 1 1 1 1 1 1 1 1 1 1 1 1 1 1 1 1 0 1 1 0 1 1 0 1 1 0 1 1
 0 1 1]"
26,0.9999999696410673,"[1 1 1 1 1 1 1 1 1 1 1 1 1 1 1 1 1 1 1 1 1 1 1 1 1 1 1 1 0 0 1 0 1 1 1 1 0
 1 0 1]"
26,0.9999998285238821,"[1 1 1 1 1 1 1 1 1 1 1 1 1 1 1 1 1 1 1 1 1 1 1 1 1 0 1 1 0 1 1 0 0 1 0 1 1
 0 0 1]"
26,0.9996948346104265,"[1 1 1 1 1 1 1 1 1 1 1 1 1 1 0 1 1 1 1 1 1 1 1 1 1 1 1 1 0 0 1 0 0 1 1 1 0
 1 0 1]"
26,0.9999998299063139,"[1 1 1 1 1 1 1 1 1 1 1 1 1 1 1 1 1 1 1 1 1 1 1 1 1 0 1 1 0 1 1 0 1 1 1 1 0
 0 0 1]"
26,0.9999999873944035,"[1 1 1 1 1 1 1 1 1 1 1 1 1 1 1 1 1 1 1 1 1 1 1 1 1 1 1 1 1 0 1 0 1 0 0 1 0
 1 0 1]"
26,0.999995200916051,"[1 1 1 1 1 1 1 1 1 1 1 1 1 1 1 1 1 1 1 1 0 1 1 1 1 1 1 1 0 0 1 0 1 1 0 0 1
 1 0 1]"
26,0.8542908234168616,"[1 1 1 1 1 0 1 1 1 1 1 1 1 1 1 1 1 1 1 1 1 1 1 1 1 1 1 1 0 0 1 0 1 1 1 1 0
 1 0 1]"
26,0.9987799368834248,"[1 1 1 1 1 1 1 1 1 1 1 1 0 1 1 1 1 1 1 1 1 1 1 1 1 1 1 1 0 0 1 0 1 1 1 1 0
 1 0 1]"
26,0.9999999696410673,"[1 1 1 1 1 1 1 1 1 1 1 1 1 1 1 1 1 1 1 1 1 1 1 1 1 1 1 1 0 0 1 0 1 1 1 1 0
 1 0 1]"
26,0.9999999786268747,"[1 1 1 1 1 1 1 1 1 1 1 1 1 1 1 1 1 1 1 1 1 1 1 1 1 1 1 1 0 1 1 0 1 1 0 1 0
 0 0 1]"
26,0.9999950613274159,"[1 1 1 1 1 1 1 1 1 1 1 1 1 1 1 1 1 1 1 1 0 1 1 1 1 0 1 1 0 1 1 0 1 1 0 1 1
 0 0 1]"
26,0.9999998296880352,"[1 1 1 1 1 1 1 1 1 1 1 1 1 1 1 1 1 1 1 1 1 1 1 1 1 0 1 1 0 1 1 0 1 1 0 1 1
 0 0 1]"
26,0.9999999696319724,"[1 1 1 1 1 1 1 1 1 1 1 1 1 1 1 1 1 1 1 1 1 1 1 1 1 1 1 1 0 0 1 0 1 1 1 1 0
 1 0 0]"
26,0.9999999696410673,"[1 1 1 1 1 1 1 1 1 1 1 1 1 1 1 1 1 1 1 1 1 1 1 1 1 1 1 1 0 0 1 0 1 1 1 1 0
 1 0 1]"
26,0.9999235476499158,"[1 1 1 1 1 1 1 1 1 1 1 1 1 1 1 1 0 1 1 1 1 1 1 1 1 0 1 1 1 0 1 0 1 1 0 1 0
 1 0 1]"
26,0.999999951087376,"[1 1 1 1 1 1 1 1 1 1 1 1 1 1 1 1 1 1 1 1 1 1 1 1 1 1 1 0 1 0 1 0 1 1 1 1 1
 1 0 1]"
26,0.995127751357917,"[1 1 1 1 1 1 1 1 1 1 0 1 1 1 1 1 1 1 1 1 1 1 1 1 1 0 1 1 1 1 1 0 1 1 0 1 1
 0 0 1]"
26,0.9999999696410673,"[1 1 1 1 1 1 1 1 1 1 1 1 1 1 1 1 1 1 1 1 1 1 1 1 1 1 1 1 0 0 1 0 1 1 1 1 0
 1 0 1]"
26,0.9999999696410673,"[1 1 1 1 1 1 1 1 1 1 1 1 1 1 1 1 1 1 1 1 1 1 1 1 1 1 1 1 0 0 1 0 1 1 1 1 0
 1 0 1]"
26,0.9999998299972633,"[1 1 1 1 1 1 1 1 1 1 1 1 1 1 1 1 1 1 1 1 1 1 1 1 1 0 1 1 0 1 1 0 1 1 1 1 1
 0 1 1]"
26,0.9999998506791699,"[1 1 1 1 1 1 1 1 1 1 1 1 1 1 1 1 1 1 1 1 1 1 1 1 1 0 1 1 1 1 1 1 1 1 0 1 1
 1 0 1]"
26,0.9999999684769141,"[1 1 1 1 1 1 1 1 1 1 1 1 1 1 1 1 1 1 1 1 1 1 1 1 1 1 1 1 0 0 1 0 0 1 1 1 0
 1 0 1]"
26,0.9987799461864235,"[1 1 1 1 1 1 1 1 1 1 1 1 0 1 1 1 1 1 1 1 1 1 1 1 1 1 1 1 0 1 1 0 1 1 1 1 0
 1 0 1]"
26,0.9999998297062251,"[1 1 1 1 1 1 1 1 1 1 1 1 1 1 1 1 1 1 1 1 1 1 1 1 1 0 1 1 0 1 1 0 1 1 0 1 1
 0 1 1]"
26,0.9999999696410673,"[1 1 1 1 1 1 1 1 1 1 1 1 1 1 1 1 1 1 1 1 1 1 1 1 1 1 1 1 0 0 1 0 1 1 1 1 0
 1 0 1]"
26,0.9999998486055223,"[1 1 1 1 1 1 1 1 1 1 1 1 1 1 1 1 1 1 1 1 1 1 1 1 1 0 1 1 1 1 1 0 1 1 1 1 1
 0 0 1]"
26,0.9999999684769141,"[1 1 1 1 1 1 1 1 1 1 1 1 1 1 1 1 1 1 1 1 1 1 1 1 1 1 1 1 0 0 1 0 0 1 1 1 0
 1 0 1]"
26,0.9999999696410673,"[1 1 1 1 1 1 1 1 1 1 1 1 1 1 1 1 1 1 1 1 1 1 1 1 1 1 1 1 0 0 1 0 1 1 1 1 0
 1 0 1]"
26,0.9999998320345311,"[1 1 1 1 1 1 1 1 1 1 1 1 1 1 1 1 1 1 1 1 1 1 1 1 1 0 1 1 0 1 1 1 1 1 0 1 1
 0 1 1]"
26,0.9999999684769141,"[1 1 1 1 1 1 1 1 1 1 1 1 1 1 1 1 1 1 1 1 1 1 1 1 1 1 1 1 0 0 1 0 0 1 1 1 0
 1 0 1]"
26,0.9999998299790734,"[1 1 1 1 1 1 1 1 1 1 1 1 1 1 1 1 1 1 1 1 1 1 1 1 1 0 1 1 0 1 1 0 1 1 1 1 1
 0 0 1]"
26,0.9999999882311387,"[1 1 1 1 1 1 1 1 1 1 1 1 1 1 1 1 1 1 1 1 1 1 1 1 1 1 1 1 1 0 1 0 1 1 1 1 0
 0 0 1]"
26,0.9999999694955481,"[1 1 1 1 1 1 1 1 1 1 1 1 1 1 1 1 1 1 1 1 1 1 1 1 1 1 1 1 0 0 1 0 1 1 1 0 0
 1 0 1]"
26,0.9999999694227886,"[1 1 1 1 1 1 1 1 1 1 1 1 1 1 1 1 1 1 1 1 1 1 1 1 1 1 1 1 0 0 1 0 1 1 0 1 1
 1 0 1]"
26,0.999999829724415,"[1 1 1 1 1 1 1 1 1 1 1 1 1 1 1 1 1 1 1 1 1 1 1 1 1 0 1 1 0 1 1 0 1 1 0 1 1
 1 0 1]"
26,0.9999999882402336,"[1 1 1 1 1 1 1 1 1 1 1 1 1 1 1 1 1 1 1 1 1 1 1 1 1 1 1 1 1 0 1 0 1 1 1 1 0
 0 1 0]"
26,0.999999932042558,"[1 1 1 1 1 1 1 1 1 1 1 1 1 1 1 1 1 1 1 1 1 1 1 1 1 1 1 0 0 0 1 0 1 1 0 0 1
 1 1 1]"
26,0.9999998392559181,"[1 1 1 1 1 1 1 1 1 1 1 1 1 1 1 1 1 1 1 1 1 1 1 1 1 0 1 1 1 0 1 0 1 1 1 1 0
 1 0 1]"
26,0.999998586409664,"[1 1 1 1 1 1 1 1 1 1 1 1 1 1 1 1 1 1 1 1 1 1 0 1 1 0 1 0 0 0 0 0 1 1 0 1 1
 1 0 1]"
26,0.9999999692772694,"[1 1 1 1 1 1 1 1 1 1 1 1 1 1 1 1 1 1 1 1 1 1 1 1 1 1 1 1 0 0 1 0 1 1 0 0 1
 1 0 1]"
26,0.9999999789542928,"[1 1 1 1 1 1 1 1 1 1 1 1 1 1 1 1 1 1 1 1 1 1 1 1 1 1 1 1 0 1 1 0 1 1 1 1 0
 1 0 1]"
26,0.999999531664897,"[1 1 1 1 1 1 1 1 1 1 1 1 1 1 1 1 1 1 1 1 1 1 1 1 0 0 1 1 0 1 1 0 1 1 0 1 1
 0 0 1]"
26,0.9999809149450999,"[1 1 1 1 1 1 1 1 1 1 1 1 1 1 1 1 1 1 0 1 1 1 1 1 1 1 1 1 1 0 1 0 1 1 1 1 0
 1 0 1]"
26,0.9996948311189261,"[1 1 1 1 1 1 1 1 1 1 1 1 1 1 0 1 1 1 1 1 1 1 1 1 1 1 1 1 0 0 0 0 1 1 1 1 0
 1 0 1]"
26,0.9987799459683845,"[1 1 1 1 1 1 1 1 1 1 1 1 0 1 1 1 1 1 1 1 1 1 1 1 1 1 1 1 0 1 1 0 1 1 0 1 1
 1 0 1]"
26,0.9999998296880352,"[1 1 1 1 1 1 1 1 1 1 1 1 1 1 1 1 1 1 1 1 1 1 1 1 1 0 1 1 0 1 1 0 1 1 0 1 1
 0 0 1]"
step,fitness,genome
27,0.9999999786268747,"[1 1 1 1 1 1 1 1 1 1 1 1 1 1 1 1 1 1 1 1 1 1 1 1 1 1 1 1 0 1 1 0 1 1 0 1 0
 0 0 1]"
27,0.9999999685496737,"[1 1 1 1 1 1 1 1 1 1 1 1 1 1 1 1 1 1 1 1 1 1 1 1 1 1 1 1 0 0 1 0 0 1 1 1 1
 1 0 1]"
27,0.9999998320345311,"[1 1 1 1 1 1 1 1 1 1 1 1 1 1 1 1 1 1 1 1 1 1 1 1 1 0 1 1 0 1 1 1 1 1 0 1 1
 0 1 1]"
27,0.9616124089891542,"[1 1 1 1 1 1 1 0 1 1 1 1 1 1 1 1 1 1 1 1 0 1 1 1 1 1 1 1 0 0 1 0 1 1 1 1 0
 1 0 1]"
27,0.9999999684769141,"[1 1 1 1 1 1 1 1 1 1 1 1 1 1 1 1 1 1 1 1 1 1 1 1 1 1 1 1 0 0 1 0 0 1 1 1 0
 1 0 1]"
27,0.9999998483508638,"[1 1 1 1 1 1 1 1 1 1 1 1 1 1 1 1 1 1 1 1 1 1 1 1 1 0 1 1 1 1 1 0 1 1 0 1 1
 1 0 1]"
27,0.9999998505336508,"[1 1 1 1 1 1 1 1 1 1 1 1 1 1 1 1 1 1 1 1 1 1 1 1 1 0 1 1 1 1 1 1 1 1 0 0 1
 1 0 1]"
27,0.9999998297062251,"[1 1 1 1 1 1 1 1 1 1 1 1 1 1 1 1 1 1 1 1 1 1 1 1 1 0 1 1 0 1 1 0 1 1 0 1 1
 0 1 1]"
27,0.9999999696410673,"[1 1 1 1 1 1 1 1 1 1 1 1 1 1 1 1 1 1 1 1 1 1 1 1 1 1 1 1 0 0 1 0 1 1 1 1 0
 1 0 1]"
27,0.9999999882402336,"[1 1 1 1 1 1 1 1 1 1 1 1 1 1 1 1 1 1 1 1 1 1 1 1 1 1 1 1 1 0 1 0 1 1 1 1 0
 0 1 0]"
27,0.9999999696410673,"[1 1 1 1 1 1 1 1 1 1 1 1 1 1 1 1 1 1 1 1 1 1 1 1 1 1 1 1 0 0 1 0 1 1 1 1 0
 1 0 1]"
27,0.9999999696410673,"[1 1 1 1 1 1 1 1 1 1 1 1 1 1 1 1 1 1 1 1 1 1 1 1 1 1 1 1 0 0 1 0 1 1 1 1 0
 1 0 1]"
27,0.9999999882402336,"[1 1 1 1 1 1 1 1 1 1 1 1 1 1 1 1 1 1 1 1 1 1 1 1 1 1 1 1 1 0 1 0 1 1 1 1 0
 0 1 0]"
27,0.9999999649844545,"[1 1 1 1 1 1 1 1 1 1 1 1 1 1 1 1 1 1 1 1 1 1 1 1 1 1 1 1 0 0 0 0 1 1 1 1 0
 1 0 1]"
27,0.9999999967076292,"[1 1 1 1 1 1 1 1 1 1 1 1 1 1 1 1 1 1 1 1 1 1 1 1 1 1 1 1 1 1 1 0 1 0 0 1 0
 1 0 1]"
27,0.9999999882402336,"[1 1 1 1 1 1 1 1 1 1 1 1 1 1 1 1 1 1 1 1 1 1 1 1 1 1 1 1 1 0 1 0 1 1 1 1 0
 0 1 0]"
27,0.05631208099965935,"[1 0 1 1 1 1 1 1 1 1 1 1 1 1 1 1 1 1 0 1 1 1 1 1 1 1 1 1 0 1 1 0 1 1 0 1 1
 0 0 1]"
27,0.999999829724415,"[1 1 1 1 1 1 1 1 1 1 1 1 1 1 1 1 1 1 1 1 1 1 1 1 1 0 1 1 0 1 1 0 1 1 0 1 1
 1 0 1]"
27,0.9999998299972633,"[1 1 1 1 1 1 1 1 1 1 1 1 1 1 1 1 1 1 1 1 1 1 1 1 1 0 1 1 0 1 1 0 1 1 1 1 1
 0 1 1]"
27,0.9999999696410673,"[1 1 1 1 1 1 1 1 1 1 1 1 1 1 1 1 1 1 1 1 1 1 1 1 1 1 1 1 0 0 1 0 1 1 1 1 0
 1 0 1]"
27,0.9999999696410673,"[1 1 1 1 1 1 1 1 1 1 1 1 1 1 1 1 1 1 1 1 1 1 1 1 1 1 1 1 0 0 1 0 1 1 1 1 0
 1 0 1]"
27,0.9999999694955481,"[1 1 1 1 1 1 1 1 1 1 1 1 1 1 1 1 1 1 1 1 1 1 1 1 1 1 1 1 0 0 1 0 1 1 1 0 0
 1 0 1]"
27,0.9999999696592572,"[1 1 1 1 1 1 1 1 1 1 1 1 1 1 1 1 1 1 1 1 1 1 1 1 1 1 1 1 0 0 1 0 1 1 1 1 0
 1 1 1]"
27,0.9999999696410673,"[1 1 1 1 1 1 1 1 1 1 1 1 1 1 1 1 1 1 1 1 1 1 1 1 1 1 1 1 0 0 1 0 1 1 1 1 0
 1 0 1]"
27,0.9999999696228774,"[1 1 1 1 1 1 1 1 1 1 1 1 1 1 1 1 1 1 1 1 1 1 1 1 1 1 1 1 0 0 1 0 1 1 1 1 0
 0 1 1]"
27,0.9999998483235789,"[1 1 1 1 1 1 1 1 1 1 1 1 1 1 1 1 1 1 1 1 1 1 1 1 1 0 1 1 1 1 1 0 1 1 0 1 1
 0 1 0]"
27,0.9999998299245038,"[1 1 1 1 1 1 1 1 1 1 1 1 1 1 1 1 1 1 1 1 1 1 1 1 1 0 1 1 0 1 1 0 1 1 1 1 0
 0 1 1]"
27,0.9999999785541152,"[1 1 1 1 1 1 1 1 1 1 1 1 1 1 1 1 1 1 1 1 1 1 1 1 1 1 1 1 0 1 1 0 1 1 0 0 1
 0 0 1]"
27,0.9999235572898963,"[1 1 1 1 1 1 1 1 1 1 1 1 1 1 1 1 0 1 1 1 1 1 1 1 1 0 1 1 1 1 1 0 1 1 1 1 1
 0 0 1]"
27,0.9999999696410673,"[1 1 1 1 1 1 1 1 1 1 1 1 1 1 1 1 1 1 1 1 1 1 1 1 1 1 1 1 0 0 1 0 1 1 1 1 0
 1 0 1]"
27,0.9999999696410673,"[1 1 1 1 1 1 1 1 1 1 1 1 1 1 1 1 1 1 1 1 1 1 1 1 1 1 1 1 0 0 1 0 1 1 1 1 0
 1 0 1]"
27,0.9999999684769141,"[1 1 1 1 1 1 1 1 1 1 1 1 1 1 1 1 1 1 1 1 1 1 1 1 1 1 1 1 0 0 1 0 0 1 1 1 0
 1 0 1]"
27,0.9999999696410673,"[1 1 1 1 1 1 1 1 1 1 1 1 1 1 1 1 1 1 1 1 1 1 1 1 1 1 1 1 0 0 1 0 1 1 1 1 0
 1 0 1]"
27,0.9999998204111907,"[1 1 1 1 1 1 1 1 1 1 1 1 1 1 1 1 1 1 1 1 1 1 1 1 1 0 1 1 0 0 1 0 1 1 0 1 1
 1 0 1]"
27,0.9999999696410673,"[1 1 1 1 1 1 1 1 1 1 1 1 1 1 1 1 1 1 1 1 1 1 1 1 1 1 1 1 0 0 1 0 1 1 1 1 0
 1 0 1]"
27,0.9999999696410673,"[1 1 1 1 1 1 1 1 1 1 1 1 1 1 1 1 1 1 1 1 1 1 1 1 1 1 1 1 0 0 1 0 1 1 1 1 0
 1 0 1]"
27,0.9999998299245038,"[1 1 1 1 1 1 1 1 1 1 1 1 1 1 1 1 1 1 1 1 1 1 1 1 1 0 1 1 0 1 1 0 1 1 1 1 0
 0 1 1]"
27,0.9999999696410673,"[1 1 1 1 1 1 1 1 1 1 1 1 1 1 1 1 1 1 1 1 1 1 1 1 1 1 1 1 0 0 1 0 1 1 1 1 0
 1 0 1]"
27,0.9999999684769141,"[1 1 1 1 1 1 1 1 1 1 1 1 1 1 1 1 1 1 1 1 1 1 1 1 1 1 1 1 0 0 1 0 0 1 1 1 0
 1 0 1]"
27,0.9999999967076292,"[1 1 1 1 1 1 1 1 1 1 1 1 1 1 1 1 1 1 1 1 1 1 1 1 1 1 1 1 1 1 1 0 1 0 0 1 0
 1 0 1]"
27,0.9999999696410673,"[1 1 1 1 1 1 1 1 1 1 1 1 1 1 1 1 1 1 1 1 1 1 1 1 1 1 1 1 0 0 1 0 1 1 1 1 0
 1 0 1]"
27,0.9999999882675185,"[1 1 1 1 1 1 1 1 1 1 1 1 1 1 1 1 1 1 1 1 1 1 1 1 1 1 1 1 1 0 1 0 1 1 1 1 0
 1 0 1]"
27,0.9999999920510163,"[1 1 1 1 1 1 1 1 1 1 1 1 1 1 1 1 1 1 1 1 1 1 1 1 1 1 1 1 1 1 0 0 1 0 0 1 0
 1 0 1]"
27,0.9999999789542928,"[1 1 1 1 1 1 1 1 1 1 1 1 1 1 1 1 1 1 1 1 1 1 1 1 1 1 1 1 0 1 1 0 1 1 1 1 0
 1 0 1]"
27,0.999999932042558,"[1 1 1 1 1 1 1 1 1 1 1 1 1 1 1 1 1 1 1 1 1 1 1 1 1 1 1 0 0 0 1 0 1 1 0 0 1
 1 1 1]"
27,0.9999998951352659,"[1 1 1 1 1 1 1 1 1 1 1 1 1 1 1 1 1 1 1 1 1 1 1 1 1 1 0 1 0 0 1 0 1 1 1 1 0
 1 0 1]"
27,0.9999999696410673,"[1 1 1 1 1 1 1 1 1 1 1 1 1 1 1 1 1 1 1 1 1 1 1 1 1 1 1 1 0 0 1 0 1 1 1 1 0
 1 0 1]"
27,0.999990432939091,"[1 1 1 1 1 1 1 1 1 1 1 1 1 1 1 1 1 1 1 0 1 1 1 1 1 1 1 1 0 0 1 0 1 1 1 1 0
 1 0 1]"
27,0.9999975706149782,"[1 1 1 1 1 1 1 1 1 1 1 1 1 1 1 1 1 1 1 1 1 0 1 1 1 1 1 0 1 1 0 0 1 0 0 1 0
 1 0 1]"
27,0.9999999789542928,"[1 1 1 1 1 1 1 1 1 1 1 1 1 1 1 1 1 1 1 1 1 1 1 1 1 1 1 1 0 1 1 0 1 1 1 1 0
 1 0 1]"
27,0.9999999882402336,"[1 1 1 1 1 1 1 1 1 1 1 1 1 1 1 1 1 1 1 1 1 1 1 1 1 1 1 1 1 0 1 0 1 1 1 1 0
 0 1 0]"
27,0.9998474012161374,"[1 1 1 1 1 1 1 1 1 1 1 1 1 1 1 0 1 1 1 1 1 1 1 1 1 1 1 1 0 1 1 0 1 1 0 1 0
 0 0 1]"
27,0.9999998486055223,"[1 1 1 1 1 1 1 1 1 1 1 1 1 1 1 1 1 1 1 1 1 1 1 1 1 0 1 1 1 1 1 0 1 1 1 1 1
 0 0 1]"
27,0.9999999920510163,"[1 1 1 1 1 1 1 1 1 1 1 1 1 1 1 1 1 1 1 1 1 1 1 1 1 1 1 1 1 1 0 0 1 0 0 1 0
 1 0 1]"
27,0.7279761478349296,"[1 1 1 1 0 1 1 1 1 1 1 1 1 1 1 1 1 1 1 1 1 1 1 1 1 1 1 1 1 0 1 0 1 1 1 1 0
 0 1 0]"
27,0.9999974641679561,"[1 1 1 1 1 1 1 1 1 1 1 1 1 1 1 1 1 1 1 1 1 0 1 1 1 0 1 1 1 1 1 0 1 1 0 1 1
 1 0 1]"
27,0.9999998483508638,"[1 1 1 1 1 1 1 1 1 1 1 1 1 1 1 1 1 1 1 1 1 1 1 1 1 0 1 1 1 1 1 0 1 1 0 1 1
 1 0 1]"
27,0.9999952236897002,"[1 1 1 1 1 1 1 1 1 1 1 1 1 1 1 1 1 1 1 1 0 1 1 1 1 1 1 1 1 1 0 0 1 0 0 1 0
 1 0 1]"
27,0.9999999696410673,"[1 1 1 1 1 1 1 1 1 1 1 1 1 1 1 1 1 1 1 1 1 1 1 1 1 1 1 1 0 0 1 0 1 1 1 1 0
 1 0 1]"
27,0.9999952036081438,"[1 1 1 1 1 1 1 1 1 1 1 1 1 1 1 1 1 1 1 1 0 1 1 1 1 1 1 1 0 0 1 1 1 1 1 1 0
 1 0 1]"
27,0.9999999787360141,"[1 1 1 1 1 1 1 1 1 1 1 1 1 1 1 1 1 1 1 1 1 1 1 1 1 1 1 1 0 1 1 0 1 1 0 1 1
 1 0 1]"
27,0.9999999696319724,"[1 1 1 1 1 1 1 1 1 1 1 1 1 1 1 1 1 1 1 1 1 1 1 1 1 1 1 1 0 0 1 0 1 1 1 1 0
 1 0 0]"
27,0.9999999696410673,"[1 1 1 1 1 1 1 1 1 1 1 1 1 1 1 1 1 1 1 1 1 1 1 1 1 1 1 1 0 0 1 0 1 1 1 1 0
 1 0 1]"
27,0.9999998320345311,"[1 1 1 1 1 1 1 1 1 1 1 1 1 1 1 1 1 1 1 1 1 1 1 1 1 0 1 1 0 1 1 1 1 1 0 1 1
 0 1 1]"
27,0.99998090537738,"[1 1 1 1 1 1 1 1 1 1 1 1 1 1 1 1 1 1 0 1 1 1 1 1 1 1 1 1 0 1 1 0 1 1 0 1 1
 0 0 1]"
27,0.9999952105930329,"[1 1 1 1 1 1 1 1 1 1 1 1 1 1 1 1 1 1 1 1 0 1 1 1 1 1 1 1 0 1 1 0 1 1 1 1 0
 1 0 1]"
27,0.9999999694227886,"[1 1 1 1 1 1 1 1 1 1 1 1 1 1 1 1 1 1 1 1 1 1 1 1 1 1 1 1 0 0 1 0 1 1 0 1 1
 1 0 1]"
27,0.9999999789542928,"[1 1 1 1 1 1 1 1 1 1 1 1 1 1 1 1 1 1 1 1 1 1 1 1 1 1 1 1 0 1 1 0 1 1 1 1 0
 1 0 1]"
27,0.9999999969986675,"[1 1 1 1 1 1 1 1 1 1 1 1 1 1 1 1 1 1 1 1 1 1 1 1 1 1 1 1 1 1 1 0 1 0 1 1 0
 1 0 1]"
27,0.999999969350029,"[1 1 1 1 1 1 1 1 1 1 1 1 1 1 1 1 1 1 1 1 1 1 1 1 1 1 1 1 0 0 1 0 1 1 0 1 0
 1 0 1]"
27,0.9902771579148347,"[1 1 1 1 1 1 1 1 1 0 1 1 1 1 1 1 1 1 1 1 1 1 1 1 1 1 1 1 0 1 1 0 1 1 1 1 0
 1 0 1]"
27,0.9999999693136492,"[1 1 1 1 1 1 1 1 1 1 1 1 1 1 1 1 1 1 1 1 1 1 1 1 1 1 1 1 0 0 1 0 1 1 0 1 0
 0 0 1]"
27,0.9999999789542928,"[1 1 1 1 1 1 1 1 1 1 1 1 1 1 1 1 1 1 1 1 1 1 1 1 1 1 1 1 0 1 1 0 1 1 1 1 0
 1 0 1]"
27,0.9999999684769141,"[1 1 1 1 1 1 1 1 1 1 1 1 1 1 1 1 1 1 1 1 1 1 1 1 1 1 1 1 0 0 1 0 0 1 1 1 0
 1 0 1]"
27,0.9993898043222421,"[1 1 1 1 1 1 1 1 1 1 1 1 1 0 1 1 1 1 1 1 1 1 1 1 1 1 1 1 1 0 1 0 1 1 1 1 0
 1 0 1]"
27,0.9975611031319717,"[1 1 1 1 1 1 1 1 1 1 1 0 1 1 1 1 1 1 1 1 1 1 1 1 1 0 1 1 0 1 1 0 0 1 0 1 1
 0 1 1]"
27,0.9999999696410673,"[1 1 1 1 1 1 1 1 1 1 1 1 1 1 1 1 1 1 1 1 1 1 1 1 1 1 1 1 0 0 1 0 1 1 1 1 0
 1 0 1]"
27,0.9902015474898948,"[1 1 1 1 1 1 1 1 1 0 1 1 1 1 1 1 0 1 1 1 1 1 1 1 1 1 1 1 1 1 0 0 1 0 0 1 0
 1 0 1]"
27,0.9999999690589907,"[1 1 1 1 1 1 1 1 1 1 1 1 1 1 1 1 1 1 1 1 1 1 1 1 1 1 1 1 0 0 1 0 1 0 1 1 0
 1 0 1]"
27,0.9999998296880352,"[1 1 1 1 1 1 1 1 1 1 1 1 1 1 1 1 1 1 1 1 1 1 1 1 1 0 1 1 0 1 1 0 1 1 0 1 1
 0 0 1]"
27,0.9999998297062251,"[1 1 1 1 1 1 1 1 1 1 1 1 1 1 1 1 1 1 1 1 1 1 1 1 1 0 1 1 0 1 1 0 1 1 0 1 1
 0 1 1]"
27,0.9999999787360141,"[1 1 1 1 1 1 1 1 1 1 1 1 1 1 1 1 1 1 1 1 1 1 1 1 1 1 1 1 0 1 1 0 1 1 0 1 1
 1 0 1]"
27,0.9999999920146365,"[1 1 1 1 1 1 1 1 1 1 1 1 1 1 1 1 1 1 1 1 1 1 1 1 1 1 1 1 1 1 0 0 1 0 0 1 0
 0 0 1]"
27,0.9999999967076292,"[1 1 1 1 1 1 1 1 1 1 1 1 1 1 1 1 1 1 1 1 1 1 1 1 1 1 1 1 1 1 1 0 1 0 0 1 0
 1 0 1]"
27,0.9999999684769141,"[1 1 1 1 1 1 1 1 1 1 1 1 1 1 1 1 1 1 1 1 1 1 1 1 1 1 1 1 0 0 1 0 0 1 1 1 0
 1 0 1]"
27,0.9986275359946298,"[1 1 1 1 1 1 1 1 1 1 1 1 0 1 1 0 1 1 1 1 1 1 1 1 1 1 1 1 0 1 1 0 1 1 0 1 0
 0 0 1]"
27,0.9999996716178915,"[1 1 1 1 1 1 1 1 1 1 1 1 1 1 1 1 1 1 1 1 1 1 1 1 0 1 1 1 0 0 1 0 1 1 1 1 0
 1 0 1]"
27,0.9999999882311387,"[1 1 1 1 1 1 1 1 1 1 1 1 1 1 1 1 1 1 1 1 1 1 1 1 1 1 1 1 1 0 1 0 1 1 1 1 0
 0 0 1]"
27,0.9999999882311387,"[1 1 1 1 1 1 1 1 1 1 1 1 1 1 1 1 1 1 1 1 1 1 1 1 1 1 1 1 1 0 1 0 1 1 1 1 0
 0 0 1]"
27,0.9999998320345311,"[1 1 1 1 1 1 1 1 1 1 1 1 1 1 1 1 1 1 1 1 1 1 1 1 1 0 1 1 0 1 1 1 1 1 0 1 1
 0 1 1]"
27,0.9999999873944035,"[1 1 1 1 1 1 1 1 1 1 1 1 1 1 1 1 1 1 1 1 1 1 1 1 1 1 1 1 1 0 1 0 1 0 0 1 0
 1 0 1]"
27,0.9999998297062251,"[1 1 1 1 1 1 1 1 1 1 1 1 1 1 1 1 1 1 1 1 1 1 1 1 1 0 1 1 0 1 1 0 1 1 0 1 1
 0 1 1]"
27,0.9999999882402336,"[1 1 1 1 1 1 1 1 1 1 1 1 1 1 1 1 1 1 1 1 1 1 1 1 1 1 1 1 1 0 1 0 1 1 1 1 0
 0 1 0]"
27,0.979440153155135,"[1 1 1 1 1 1 1 1 0 1 1 1 0 1 1 1 1 1 1 1 1 1 1 0 1 1 1 1 0 0 1 0 1 1 1 1 0
 1 0 1]"
27,0.9999999696319724,"[1 1 1 1 1 1 1 1 1 1 1 1 1 1 1 1 1 1 1 1 1 1 1 1 1 1 1 1 0 0 1 0 1 1 1 1 0
 1 0 0]"
27,0.7279761338584139,"[1 1 1 1 0 1 1 1 1 1 1 1 1 1 1 1 1 1 1 1 1 1 1 1 1 1 1 1 0 0 1 0 1 1 1 1 0
 1 0 1]"
27,0.999999829724415,"[1 1 1 1 1 1 1 1 1 1 1 1 1 1 1 1 1 1 1 1 1 1 1 1 1 0 1 1 0 1 1 0 1 1 0 1 1
 1 0 1]"
27,0.9999976134338959,"[1 1 1 1 1 1 1 1 1 1 1 1 1 1 1 1 1 1 1 1 1 0 1 1 1 1 1 1 1 1 1 0 1 1 1 1 1
 0 0 1]"
27,0.9999998390194494,"[1 1 1 1 1 1 1 1 1 1 1 1 1 1 1 1 1 1 1 1 1 1 1 1 1 0 1 1 1 0 1 0 1 1 0 1 1
 0 1 1]"
27,0.9999952012798473,"[1 1 1 1 1 1 1 1 1 1 1 1 1 1 1 1 1 1 1 1 0 1 1 1 1 1 1 1 0 0 1 0 1 1 1 1 0
 1 0 1]"
step,fitness,genome
28,0.9999999920510163,"[1 1 1 1 1 1 1 1 1 1 1 1 1 1 1 1 1 1 1 1 1 1 1 1 1 1 1 1 1 1 0 0 1 0 0 1 0
 1 0 1]"
28,0.9999999696410673,"[1 1 1 1 1 1 1 1 1 1 1 1 1 1 1 1 1 1 1 1 1 1 1 1 1 1 1 1 0 0 1 0 1 1 1 1 0
 1 0 1]"
28,0.9999999920146365,"[1 1 1 1 1 1 1 1 1 1 1 1 1 1 1 1 1 1 1 1 1 1 1 1 1 1 1 1 1 1 0 0 1 0 0 1 0
 0 0 1]"
28,0.9999999920510163,"[1 1 1 1 1 1 1 1 1 1 1 1 1 1 1 1 1 1 1 1 1 1 1 1 1 1 1 1 1 1 0 0 1 0 0 1 0
 1 0 1]"
28,0.9999999690589907,"[1 1 1 1 1 1 1 1 1 1 1 1 1 1 1 1 1 1 1 1 1 1 1 1 1 1 1 1 0 0 1 0 1 0 1 1 0
 1 0 1]"
28,0.9999999967076292,"[1 1 1 1 1 1 1 1 1 1 1 1 1 1 1 1 1 1 1 1 1 1 1 1 1 1 1 1 1 1 1 0 1 0 0 1 0
 1 0 1]"
28,0.9999999783722162,"[1 1 1 1 1 1 1 1 1 1 1 1 1 1 1 1 1 1 1 1 1 1 1 1 1 1 1 1 0 1 1 0 1 0 1 1 0
 1 0 1]"
28,0.9999999925967131,"[1 1 1 1 1 1 1 1 1 1 1 1 1 1 1 1 1 1 1 1 1 1 1 1 1 1 1 1 1 1 0 0 1 1 0 1 0
 0 0 1]"
28,0.9999999975807441,"[1 1 1 1 1 1 1 1 1 1 1 1 1 1 1 1 1 1 1 1 1 1 1 1 1 1 1 1 1 1 1 0 1 1 1 1 0
 1 0 1]"
28,0.9999999780811779,"[1 1 1 1 1 1 1 1 1 1 1 1 1 1 1 1 1 1 1 1 1 1 1 1 1 1 1 1 0 1 1 0 1 0 0 1 0
 1 0 1]"
28,0.056313334818251806,"[1 0 1 1 1 1 1 1 1 1 1 1 1 1 1 1 1 1 1 1 1 0 1 1 1 1 1 1 1 0 1 0 1 1 1 1 1
 1 0 1]"
28,0.9999999966712494,"[1 1 1 1 1 1 1 1 1 1 1 1 1 1 1 1 1 1 1 1 1 1 1 1 1 1 1 1 1 1 1 0 1 0 0 1 0
 0 0 1]"
28,0.9999904422522365,"[1 1 1 1 1 1 1 1 1 1 1 1 1 1 1 1 1 1 1 0 1 1 1 1 1 1 1 1 0 1 1 0 1 1 1 1 0
 1 0 1]"
28,0.9999999368264998,"[1 1 1 1 1 1 1 1 1 1 1 1 1 1 1 1 1 1 1 1 1 1 1 1 1 1 1 0 0 1 0 0 1 1 0 1 1
 1 0 1]"
28,0.9999999836109056,"[1 1 1 1 1 1 1 1 1 1 1 1 1 1 1 1 1 1 1 1 1 1 1 1 1 1 1 1 1 0 0 0 1 1 1 1 0
 1 0 1]"
28,0.2630755751626717,"[1 1 0 1 1 1 1 1 1 1 1 1 1 1 1 1 1 1 1 1 1 1 1 1 1 1 1 1 1 1 1 0 1 0 0 1 0
 0 0 1]"
28,0.9999952036263335,"[1 1 1 1 1 1 1 1 1 1 1 1 1 1 1 1 1 1 1 1 0 1 1 1 1 1 1 1 0 0 1 1 1 1 1 1 0
 1 1 1]"
28,0.9999999882220437,"[1 1 1 1 1 1 1 1 1 1 1 1 1 1 1 1 1 1 1 1 1 1 1 1 1 1 1 1 1 0 1 0 1 1 1 1 0
 0 0 0]"
28,0.999999983028829,"[1 1 1 1 1 1 1 1 1 1 1 1 1 1 1 1 1 1 1 1 1 1 1 1 1 1 1 1 1 0 0 0 1 0 1 1 0
 1 0 1]"
28,0.995127881098763,"[1 1 1 1 1 1 1 1 1 1 0 1 1 1 1 1 1 1 1 1 1 1 1 1 1 1 1 1 0 1 1 0 1 1 0 1 0
 0 0 1]"
28,0.9999999696410673,"[1 1 1 1 1 1 1 1 1 1 1 1 1 1 1 1 1 1 1 1 1 1 1 1 1 1 1 1 0 0 1 0 1 1 1 1 0
 1 0 1]"
28,0.9999999882402336,"[1 1 1 1 1 1 1 1 1 1 1 1 1 1 1 1 1 1 1 1 1 1 1 1 1 1 1 1 1 0 1 0 1 1 1 1 0
 0 1 0]"
28,0.9999904515380976,"[1 1 1 1 1 1 1 1 1 1 1 1 1 1 1 1 1 1 1 0 1 1 1 1 1 1 1 1 1 0 1 0 1 1 1 1 0
 0 1 0]"
28,0.9245651083067077,"[1 1 1 1 1 1 0 1 1 1 1 1 1 1 1 1 1 1 1 1 1 1 1 1 1 1 1 1 0 0 1 0 1 1 1 1 0
 1 0 1]"
28,0.9999999684769141,"[1 1 1 1 1 1 1 1 1 1 1 1 1 1 1 1 1 1 1 1 1 1 1 1 1 1 1 1 0 0 1 0 0 1 1 1 0
 1 0 1]"
28,0.9999999789542928,"[1 1 1 1 1 1 1 1 1 1 1 1 1 1 1 1 1 1 1 1 1 1 1 1 1 1 1 1 0 1 1 0 1 1 1 1 0
 1 0 1]"
28,0.9806395125456735,"[1 1 1 1 1 1 1 1 0 1 1 1 1 1 1 1 1 1 1 1 1 1 1 1 1 1 1 1 1 1 0 0 1 0 0 1 0
 1 0 1]"
28,0.9999999137344309,"[1 1 1 1 1 1 1 1 1 1 1 1 1 1 1 1 1 1 1 1 1 1 1 1 1 1 0 1 1 0 1 0 1 1 1 1 0
 0 1 0]"
28,0.9999987865710214,"[1 1 1 1 1 1 1 1 1 1 1 1 1 1 1 1 1 1 1 1 1 1 0 1 1 1 1 1 0 1 1 0 1 1 0 1 0
 1 0 1]"
28,0.9999999697138269,"[1 1 1 1 1 1 1 1 1 1 1 1 1 1 1 1 1 1 1 1 1 1 1 1 1 1 1 1 0 0 1 0 1 1 1 1 1
 1 0 1]"
28,0.9999999694227886,"[1 1 1 1 1 1 1 1 1 1 1 1 1 1 1 1 1 1 1 1 1 1 1 1 1 1 1 1 0 0 1 0 1 1 0 1 1
 1 0 1]"
28,0.5244604574543257,"[1 1 1 0 1 1 1 1 1 1 1 1 1 1 1 1 1 1 1 1 1 1 1 1 1 1 1 1 0 0 1 0 0 1 1 1 1
 1 0 1]"
28,0.995127872152367,"[1 1 1 1 1 1 1 1 1 1 0 1 1 1 1 1 1 1 1 1 1 1 1 1 1 1 1 1 0 0 1 0 1 1 1 1 0
 1 0 1]"
28,0.9999999787360141,"[1 1 1 1 1 1 1 1 1 1 1 1 1 1 1 1 1 1 1 1 1 1 1 1 1 1 1 1 0 1 1 0 1 1 0 1 1
 1 0 1]"
28,0.8542908428653587,"[1 1 1 1 1 0 1 1 1 1 1 1 1 1 1 1 1 1 1 1 1 1 1 1 1 1 1 1 1 1 0 0 1 0 0 1 0
 1 0 1]"
28,0.9999999882311387,"[1 1 1 1 1 1 1 1 1 1 1 1 1 1 1 1 1 1 1 1 1 1 1 1 1 1 1 1 1 0 1 0 1 1 1 1 0
 0 0 1]"
28,0.9999999697047319,"[1 1 1 1 1 1 1 1 1 1 1 1 1 1 1 1 1 1 1 1 1 1 1 1 1 1 1 1 0 0 1 0 1 1 1 1 1
 1 0 0]"
28,0.9999999882402336,"[1 1 1 1 1 1 1 1 1 1 1 1 1 1 1 1 1 1 1 1 1 1 1 1 1 1 1 1 1 0 1 0 1 1 1 1 0
 0 1 0]"
28,0.9999999882675185,"[1 1 1 1 1 1 1 1 1 1 1 1 1 1 1 1 1 1 1 1 1 1 1 1 1 1 1 1 1 0 1 0 1 1 1 1 0
 1 0 1]"
28,0.9999999882402336,"[1 1 1 1 1 1 1 1 1 1 1 1 1 1 1 1 1 1 1 1 1 1 1 1 1 1 1 1 1 0 1 0 1 1 1 1 0
 0 1 0]"
28,0.999999969350029,"[1 1 1 1 1 1 1 1 1 1 1 1 1 1 1 1 1 1 1 1 1 1 1 1 1 1 1 1 0 0 1 0 1 1 0 1 0
 1 0 1]"
28,0.9999999696410673,"[1 1 1 1 1 1 1 1 1 1 1 1 1 1 1 1 1 1 1 1 1 1 1 1 1 1 1 1 0 0 1 0 1 1 1 1 0
 1 0 1]"
28,0.9999999882402336,"[1 1 1 1 1 1 1 1 1 1 1 1 1 1 1 1 1 1 1 1 1 1 1 1 1 1 1 1 1 0 1 0 1 1 1 1 0
 0 1 0]"
28,0.9999999787360141,"[1 1 1 1 1 1 1 1 1 1 1 1 1 1 1 1 1 1 1 1 1 1 1 1 1 1 1 1 0 1 1 0 1 1 0 1 1
 1 0 1]"
28,0.999999969350029,"[1 1 1 1 1 1 1 1 1 1 1 1 1 1 1 1 1 1 1 1 1 1 1 1 1 1 1 1 0 0 1 0 1 1 0 1 0
 1 0 1]"
28,0.9999952239807373,"[1 1 1 1 1 1 1 1 1 1 1 1 1 1 1 1 1 1 1 1 0 1 1 1 1 1 1 1 1 1 0 0 1 0 1 1 0
 1 0 1]"
28,0.9999999882311387,"[1 1 1 1 1 1 1 1 1 1 1 1 1 1 1 1 1 1 1 1 1 1 1 1 1 1 1 1 1 0 1 0 1 1 1 1 0
 0 0 1]"
28,0.9999999696592572,"[1 1 1 1 1 1 1 1 1 1 1 1 1 1 1 1 1 1 1 1 1 1 1 1 1 1 1 1 0 0 1 0 1 1 1 1 0
 1 1 1]"
28,0.9999999694955481,"[1 1 1 1 1 1 1 1 1 1 1 1 1 1 1 1 1 1 1 1 1 1 1 1 1 1 1 1 0 0 1 0 1 1 1 0 0
 1 0 1]"
28,0.9999999967076292,"[1 1 1 1 1 1 1 1 1 1 1 1 1 1 1 1 1 1 1 1 1 1 1 1 1 1 1 1 1 1 1 0 1 0 0 1 0
 1 0 1]"
28,0.9999999882402336,"[1 1 1 1 1 1 1 1 1 1 1 1 1 1 1 1 1 1 1 1 1 1 1 1 1 1 1 1 1 0 1 0 1 1 1 1 0
 0 1 0]"
28,0.9999999876854418,"[1 1 1 1 1 1 1 1 1 1 1 1 1 1 1 1 1 1 1 1 1 1 1 1 1 1 1 1 1 0 1 0 1 0 1 1 0
 1 0 1]"
28,0.9999999920510163,"[1 1 1 1 1 1 1 1 1 1 1 1 1 1 1 1 1 1 1 1 1 1 1 1 1 1 1 1 1 1 0 0 1 0 0 1 0
 1 0 1]"
28,0.9999999882402336,"[1 1 1 1 1 1 1 1 1 1 1 1 1 1 1 1 1 1 1 1 1 1 1 1 1 1 1 1 1 0 1 0 1 1 1 1 0
 0 1 0]"
28,0.999999969350029,"[1 1 1 1 1 1 1 1 1 1 1 1 1 1 1 1 1 1 1 1 1 1 1 1 1 1 1 1 0 0 1 0 1 1 0 1 0
 1 0 1]"
28,0.26307413339128133,"[1 1 0 1 1 1 1 1 1 1 1 1 1 1 1 1 1 1 1 1 0 1 1 1 1 1 1 1 0 0 1 0 1 1 1 1 0
 1 0 1]"
28,0.9999999789724827,"[1 1 1 1 1 1 1 1 1 1 1 1 1 1 1 1 1 1 1 1 1 1 1 1 1 1 1 1 0 1 1 0 1 1 1 1 0
 1 1 1]"
28,0.9999999789542928,"[1 1 1 1 1 1 1 1 1 1 1 1 1 1 1 1 1 1 1 1 1 1 1 1 1 1 1 1 0 1 1 0 1 1 1 1 0
 1 0 1]"
28,0.9999999967076292,"[1 1 1 1 1 1 1 1 1 1 1 1 1 1 1 1 1 1 1 1 1 1 1 1 1 1 1 1 1 1 1 0 1 0 0 1 0
 1 0 1]"
28,0.9999952105930329,"[1 1 1 1 1 1 1 1 1 1 1 1 1 1 1 1 1 1 1 1 0 1 1 1 1 1 1 1 0 1 1 0 1 1 1 1 0
 1 0 1]"
28,0.9999999696410673,"[1 1 1 1 1 1 1 1 1 1 1 1 1 1 1 1 1 1 1 1 1 1 1 1 1 1 1 1 0 0 1 0 1 1 1 1 0
 1 0 1]"
28,0.9999998299245038,"[1 1 1 1 1 1 1 1 1 1 1 1 1 1 1 1 1 1 1 1 1 1 1 1 1 0 1 1 0 1 1 0 1 1 1 1 0
 0 1 1]"
28,0.9999999789542928,"[1 1 1 1 1 1 1 1 1 1 1 1 1 1 1 1 1 1 1 1 1 1 1 1 1 1 1 1 0 1 1 0 1 1 1 1 0
 1 0 1]"
28,0.9999999789542928,"[1 1 1 1 1 1 1 1 1 1 1 1 1 1 1 1 1 1 1 1 1 1 1 1 1 1 1 1 0 1 1 0 1 1 1 1 0
 1 0 1]"
28,0.7279761506985776,"[1 1 1 1 0 1 1 1 1 1 1 1 1 1 1 1 1 1 1 1 1 1 1 1 1 1 1 1 1 1 0 0 1 0 0 1 0
 1 0 1]"
28,0.9999999693136492,"[1 1 1 1 1 1 1 1 1 1 1 1 1 1 1 1 1 1 1 1 1 1 1 1 1 1 1 1 0 0 1 0 1 1 0 1 0
 0 0 1]"
28,0.9999999882675185,"[1 1 1 1 1 1 1 1 1 1 1 1 1 1 1 1 1 1 1 1 1 1 1 1 1 1 1 1 1 0 1 0 1 1 1 1 0
 1 0 1]"
28,0.9999999969986675,"[1 1 1 1 1 1 1 1 1 1 1 1 1 1 1 1 1 1 1 1 1 1 1 1 1 1 1 1 1 1 1 0 1 0 1 1 0
 1 0 1]"
28,0.999999968495104,"[1 1 1 1 1 1 1 1 1 1 1 1 1 1 1 1 1 1 1 1 1 1 1 1 1 1 1 1 0 0 1 0 0 1 1 1 0
 1 1 1]"
28,0.9998474192944089,"[1 1 1 1 1 1 1 1 1 1 1 1 1 1 1 0 1 1 1 1 1 1 1 1 1 1 1 1 1 1 1 0 1 0 0 1 0
 1 0 1]"
28,0.9999999882402336,"[1 1 1 1 1 1 1 1 1 1 1 1 1 1 1 1 1 1 1 1 1 1 1 1 1 1 1 1 1 0 1 0 1 1 1 1 0
 0 1 0]"
28,0.9999999785541152,"[1 1 1 1 1 1 1 1 1 1 1 1 1 1 1 1 1 1 1 1 1 1 1 1 1 1 1 1 0 1 1 0 1 1 0 0 1
 0 0 1]"
28,0.9999999969986675,"[1 1 1 1 1 1 1 1 1 1 1 1 1 1 1 1 1 1 1 1 1 1 1 1 1 1 1 1 1 1 1 0 1 0 1 1 0
 1 0 1]"
28,0.9999999882402336,"[1 1 1 1 1 1 1 1 1 1 1 1 1 1 1 1 1 1 1 1 1 1 1 1 1 1 1 1 1 0 1 0 1 1 1 1 0
 0 1 0]"
28,0.9245651335285529,"[1 1 1 1 1 1 0 1 1 1 1 1 1 1 1 1 1 1 1 1 1 1 1 1 1 1 1 1 1 1 1 0 1 0 0 1 0
 1 0 1]"
28,0.9999999967076292,"[1 1 1 1 1 1 1 1 1 1 1 1 1 1 1 1 1 1 1 1 1 1 1 1 1 1 1 1 1 1 1 0 1 0 0 1 0
 1 0 1]"
28,0.9999999696410673,"[1 1 1 1 1 1 1 1 1 1 1 1 1 1 1 1 1 1 1 1 1 1 1 1 1 1 1 1 0 0 1 0 1 1 1 1 0
 1 0 1]"
28,0.9999999690589907,"[1 1 1 1 1 1 1 1 1 1 1 1 1 1 1 1 1 1 1 1 1 1 1 1 1 1 1 1 0 0 1 0 1 0 1 1 0
 1 0 1]"
28,0.9999999967076292,"[1 1 1 1 1 1 1 1 1 1 1 1 1 1 1 1 1 1 1 1 1 1 1 1 1 1 1 1 1 1 1 0 1 0 0 1 0
 1 0 1]"
28,0.9999999920510163,"[1 1 1 1 1 1 1 1 1 1 1 1 1 1 1 1 1 1 1 1 1 1 1 1 1 1 1 1 1 1 0 0 1 0 0 1 0
 1 0 1]"
28,0.9999999789724827,"[1 1 1 1 1 1 1 1 1 1 1 1 1 1 1 1 1 1 1 1 1 1 1 1 1 1 1 1 0 1 1 0 1 1 1 1 0
 1 1 1]"
28,0.9999998483599587,"[1 1 1 1 1 1 1 1 1 1 1 1 1 1 1 1 1 1 1 1 1 1 1 1 1 0 1 1 1 1 1 0 1 1 0 1 1
 1 1 0]"
28,0.9999999967076292,"[1 1 1 1 1 1 1 1 1 1 1 1 1 1 1 1 1 1 1 1 1 1 1 1 1 1 1 1 1 1 1 0 1 0 0 1 0
 1 0 1]"
28,0.9999999920510163,"[1 1 1 1 1 1 1 1 1 1 1 1 1 1 1 1 1 1 1 1 1 1 1 1 1 1 1 1 1 1 0 0 1 0 0 1 0
 1 0 1]"
28,0.9999999882675185,"[1 1 1 1 1 1 1 1 1 1 1 1 1 1 1 1 1 1 1 1 1 1 1 1 1 1 1 1 1 0 1 0 1 1 1 1 0
 1 0 1]"
28,0.9999999696410673,"[1 1 1 1 1 1 1 1 1 1 1 1 1 1 1 1 1 1 1 1 1 1 1 1 1 1 1 1 0 0 1 0 1 1 1 1 0
 1 0 1]"
28,0.9999992525956953,"[1 1 1 1 1 1 1 1 1 1 1 1 1 1 1 1 1 1 1 1 1 1 1 0 1 0 1 1 1 1 1 0 1 1 1 1 1
 1 0 1]"
28,0.999999969350029,"[1 1 1 1 1 1 1 1 1 1 1 1 1 1 1 1 1 1 1 1 1 1 1 1 1 1 1 1 0 0 1 0 1 1 0 1 0
 1 0 1]"
28,0.9999999789542928,"[1 1 1 1 1 1 1 1 1 1 1 1 1 1 1 1 1 1 1 1 1 1 1 1 1 1 1 1 0 1 1 0 1 1 1 1 0
 1 0 1]"
28,0.9999999923420546,"[1 1 1 1 1 1 1 1 1 1 1 1 1 1 1 1 1 1 1 1 1 1 1 1 1 1 1 1 1 1 0 0 1 0 1 1 0
 1 0 1]"
28,0.9999987866437808,"[1 1 1 1 1 1 1 1 1 1 1 1 1 1 1 1 1 1 1 1 1 1 0 1 1 1 1 1 0 1 1 0 1 1 0 1 1
 1 0 1]"
28,0.9999999696592572,"[1 1 1 1 1 1 1 1 1 1 1 1 1 1 1 1 1 1 1 1 1 1 1 1 1 1 1 1 0 0 1 0 1 1 1 1 0
 1 1 1]"
28,0.9999996716178915,"[1 1 1 1 1 1 1 1 1 1 1 1 1 1 1 1 1 1 1 1 1 1 1 1 0 1 1 1 0 0 1 0 1 1 1 1 0
 1 0 1]"
28,0.9999999684769141,"[1 1 1 1 1 1 1 1 1 1 1 1 1 1 1 1 1 1 1 1 1 1 1 1 1 1 1 1 0 0 1 0 0 1 1 1 0
 1 0 1]"
28,0.9999999789542928,"[1 1 1 1 1 1 1 1 1 1 1 1 1 1 1 1 1 1 1 1 1 1 1 1 1 1 1 1 0 1 1 0 1 1 1 1 0
 1 0 1]"
28,0.9999999920146365,"[1 1 1 1 1 1 1 1 1 1 1 1 1 1 1 1 1 1 1 1 1 1 1 1 1 1 1 1 1 1 0 0 1 0 0 1 0
 0 0 1]"
28,0.9999999920146365,"[1 1 1 1 1 1 1 1 1 1 1 1 1 1 1 1 1 1 1 1 1 1 1 1 1 1 1 1 1 1 0 0 1 0 0 1 0
 0 0 1]"
28,0.9999999920510163,"[1 1 1 1 1 1 1 1 1 1 1 1 1 1 1 1 1 1 1 1 1 1 1 1 1 1 1 1 1 1 0 0 1 0 0 1 0
 1 0 1]"
28,0.9999999905776349,"[1 1 1 1 1 1 1 1 1 1 1 1 1 1 1 1 1 1 1 1 1 1 1 1 1 1 1 1 1 0 1 1 1 1 1 1 0
 0 1 1]"
28,0.9616170122994598,"[1 1 1 1 1 1 1 0 1 1 1 1 1 1 1 1 1 1 1 1 1 1 1 1 1 1 1 1 0 0 1 0 1 1 1 1 0
 1 0 0]"
step,fitness,genome
29,0.9999999789542928,"[1 1 1 1 1 1 1 1 1 1 1 1 1 1 1 1 1 1 1 1 1 1 1 1 1 1 1 1 0 1 1 0 1 1 1 1 0
 1 0 1]"
29,0.9999999967076292,"[1 1 1 1 1 1 1 1 1 1 1 1 1 1 1 1 1 1 1 1 1 1 1 1 1 1 1 1 1 1 1 0 1 0 0 1 0
 1 0 1]"
29,0.9999999882311387,"[1 1 1 1 1 1 1 1 1 1 1 1 1 1 1 1 1 1 1 1 1 1 1 1 1 1 1 1 1 0 1 0 1 1 1 1 0
 0 0 1]"
29,0.9999999920055416,"[1 1 1 1 1 1 1 1 1 1 1 1 1 1 1 1 1 1 1 1 1 1 1 1 1 1 1 1 1 1 0 0 1 0 0 1 0
 0 0 0]"
29,0.9999999920146365,"[1 1 1 1 1 1 1 1 1 1 1 1 1 1 1 1 1 1 1 1 1 1 1 1 1 1 1 1 1 1 0 0 1 0 0 1 0
 0 0 1]"
29,0.9999999882402336,"[1 1 1 1 1 1 1 1 1 1 1 1 1 1 1 1 1 1 1 1 1 1 1 1 1 1 1 1 1 0 1 0 1 1 1 1 0
 0 1 0]"
29,0.9999999696046875,"[1 1 1 1 1 1 1 1 1 1 1 1 1 1 1 1 1 1 1 1 1 1 1 1 1 1 1 1 0 0 1 0 1 1 1 1 0
 0 0 1]"
29,0.9999998430030357,"[1 1 1 1 1 1 1 1 1 1 1 1 1 1 1 1 1 1 1 1 1 1 1 1 1 0 1 1 1 1 0 0 1 0 0 1 0
 0 0 1]"
29,0.9999999368264998,"[1 1 1 1 1 1 1 1 1 1 1 1 1 1 1 1 1 1 1 1 1 1 1 1 1 1 1 0 0 1 0 0 1 1 0 1 1
 1 0 1]"
29,0.8542908233931824,"[1 1 1 1 1 0 1 1 1 1 1 1 1 1 1 1 1 1 1 1 1 1 1 1 1 1 1 1 0 0 1 0 1 1 1 1 0
 0 1 0]"
29,0.9999999882675185,"[1 1 1 1 1 1 1 1 1 1 1 1 1 1 1 1 1 1 1 1 1 1 1 1 1 1 1 1 1 0 1 0 1 1 1 1 0
 1 0 1]"
29,0.9999999780811779,"[1 1 1 1 1 1 1 1 1 1 1 1 1 1 1 1 1 1 1 1 1 1 1 1 1 1 1 1 0 1 1 0 1 0 0 1 0
 1 0 1]"
29,0.9999999882402336,"[1 1 1 1 1 1 1 1 1 1 1 1 1 1 1 1 1 1 1 1 1 1 1 1 1 1 1 1 1 0 1 0 1 1 1 1 0
 0 1 0]"
29,0.9999999920419214,"[1 1 1 1 1 1 1 1 1 1 1 1 1 1 1 1 1 1 1 1 1 1 1 1 1 1 1 1 1 1 0 0 1 0 0 1 0
 1 0 0]"
29,0.9999993922212368,"[1 1 1 1 1 1 1 1 1 1 1 1 1 1 1 1 1 1 1 1 1 1 1 0 1 1 1 1 1 0 1 0 1 1 1 1 0
 1 0 1]"
29,0.9999999919054972,"[1 1 1 1 1 1 1 1 1 1 1 1 1 1 1 1 1 1 1 1 1 1 1 1 1 1 1 1 1 1 0 0 1 0 0 0 0
 1 0 1]"
29,0.9999999547981142,"[1 1 1 1 1 1 1 1 1 1 1 1 1 1 1 1 1 1 1 1 1 1 1 1 1 1 1 0 1 1 0 0 1 0 0 1 0
 1 0 1]"
29,0.9987799638839252,"[1 1 1 1 1 1 1 1 1 1 1 1 0 1 1 1 1 1 1 1 1 1 1 1 1 1 1 1 1 1 1 0 1 0 0 1 0
 0 0 1]"
29,0.9999976078678003,"[1 1 1 1 1 1 1 1 1 1 1 1 1 1 1 1 1 1 1 1 1 0 1 1 1 1 1 1 1 1 0 0 1 0 0 1 0
 1 0 1]"
29,0.9999999920510163,"[1 1 1 1 1 1 1 1 1 1 1 1 1 1 1 1 1 1 1 1 1 1 1 1 1 1 1 1 1 1 0 0 1 0 0 1 0
 1 0 1]"
29,0.999999969350029,"[1 1 1 1 1 1 1 1 1 1 1 1 1 1 1 1 1 1 1 1 1 1 1 1 1 1 1 1 0 0 1 0 1 1 0 1 0
 1 0 1]"
29,0.7279761478212606,"[1 1 1 1 0 1 1 1 1 1 1 1 1 1 1 1 1 1 1 1 1 1 1 1 1 1 1 1 1 0 1 0 1 1 1 1 0
 0 0 0]"
29,0.9999999920146365,"[1 1 1 1 1 1 1 1 1 1 1 1 1 1 1 1 1 1 1 1 1 1 1 1 1 1 1 1 1 1 0 0 1 0 0 1 0
 0 0 1]"
29,0.9999999740794013,"[1 1 1 1 1 1 1 1 1 1 1 1 1 1 1 1 1 1 1 1 1 1 1 1 1 1 1 1 0 1 0 0 1 1 0 1 1
 1 0 1]"
29,0.9999998430394155,"[1 1 1 1 1 1 1 1 1 1 1 1 1 1 1 1 1 1 1 1 1 1 1 1 1 0 1 1 1 1 0 0 1 0 0 1 0
 1 0 1]"
29,0.9999999882402336,"[1 1 1 1 1 1 1 1 1 1 1 1 1 1 1 1 1 1 1 1 1 1 1 1 1 1 1 1 1 0 1 0 1 1 1 1 0
 0 1 0]"
29,0.9999999920510163,"[1 1 1 1 1 1 1 1 1 1 1 1 1 1 1 1 1 1 1 1 1 1 1 1 1 1 1 1 1 1 0 0 1 0 0 1 0
 1 0 1]"
29,0.9999999882402336,"[1 1 1 1 1 1 1 1 1 1 1 1 1 1 1 1 1 1 1 1 1 1 1 1 1 1 1 1 1 0 1 0 1 1 1 1 0
 0 1 0]"
29,0.9999999969986675,"[1 1 1 1 1 1 1 1 1 1 1 1 1 1 1 1 1 1 1 1 1 1 1 1 1 1 1 1 1 1 1 0 1 0 1 1 0
 1 0 1]"
29,0.9999999967076292,"[1 1 1 1 1 1 1 1 1 1 1 1 1 1 1 1 1 1 1 1 1 1 1 1 1 1 1 1 1 1 1 0 1 0 0 1 0
 1 0 1]"
29,0.9999999835836207,"[1 1 1 1 1 1 1 1 1 1 1 1 1 1 1 1 1 1 1 1 1 1 1 1 1 1 1 1 1 0 0 0 1 1 1 1 0
 0 1 0]"
29,0.9951278999423363,"[1 1 1 1 1 1 1 1 1 1 0 1 1 1 1 1 1 1 1 1 1 1 1 1 1 1 1 1 1 1 1 0 1 1 1 1 0
 0 1 0]"
29,0.9616170302636536,"[1 1 1 1 1 1 1 0 1 1 1 1 1 1 1 1 1 1 1 1 1 1 1 1 1 1 1 1 1 0 1 0 1 1 1 1 0
 0 1 0]"
29,0.9999999882402336,"[1 1 1 1 1 1 1 1 1 1 1 1 1 1 1 1 1 1 1 1 1 1 1 1 1 1 1 1 1 0 1 0 1 1 1 1 0
 0 1 0]"
29,0.9999999967076292,"[1 1 1 1 1 1 1 1 1 1 1 1 1 1 1 1 1 1 1 1 1 1 1 1 1 1 1 1 1 1 1 0 1 0 0 1 0
 1 0 1]"
29,0.9999999969986675,"[1 1 1 1 1 1 1 1 1 1 1 1 1 1 1 1 1 1 1 1 1 1 1 1 1 1 1 1 1 1 1 0 1 0 1 1 0
 1 0 1]"
29,0.8542908428653587,"[1 1 1 1 1 0 1 1 1 1 1 1 1 1 1 1 1 1 1 1 1 1 1 1 1 1 1 1 1 1 0 0 1 0 0 1 0
 1 0 1]"
29,0.9999999967076292,"[1 1 1 1 1 1 1 1 1 1 1 1 1 1 1 1 1 1 1 1 1 1 1 1 1 1 1 1 1 1 1 0 1 0 0 1 0
 1 0 1]"
29,0.9999998476960277,"[1 1 1 1 1 1 1 1 1 1 1 1 1 1 1 1 1 1 1 1 1 1 1 1 1 0 1 1 1 1 1 0 1 0 0 1 0
 1 0 1]"
29,0.9999999967076292,"[1 1 1 1 1 1 1 1 1 1 1 1 1 1 1 1 1 1 1 1 1 1 1 1 1 1 1 1 1 1 1 0 1 0 0 1 0
 1 0 1]"
29,0.9999999975352694,"[1 1 1 1 1 1 1 1 1 1 1 1 1 1 1 1 1 1 1 1 1 1 1 1 1 1 1 1 1 1 1 0 1 1 1 1 0
 0 0 0]"
29,0.9999999876854418,"[1 1 1 1 1 1 1 1 1 1 1 1 1 1 1 1 1 1 1 1 1 1 1 1 1 1 1 1 1 0 1 0 1 0 1 1 0
 1 0 1]"
29,0.9999999969986675,"[1 1 1 1 1 1 1 1 1 1 1 1 1 1 1 1 1 1 1 1 1 1 1 1 1 1 1 1 1 1 1 0 1 0 1 1 0
 1 0 1]"
29,0.9999999785541152,"[1 1 1 1 1 1 1 1 1 1 1 1 1 1 1 1 1 1 1 1 1 1 1 1 1 1 1 1 0 1 1 0 1 1 0 0 1
 0 0 1]"
29,0.9999999920146365,"[1 1 1 1 1 1 1 1 1 1 1 1 1 1 1 1 1 1 1 1 1 1 1 1 1 1 1 1 1 1 0 0 1 0 0 1 0
 0 0 1]"
29,0.9999999969986675,"[1 1 1 1 1 1 1 1 1 1 1 1 1 1 1 1 1 1 1 1 1 1 1 1 1 1 1 1 1 1 1 0 1 0 1 1 0
 1 0 1]"
29,0.9999999920146365,"[1 1 1 1 1 1 1 1 1 1 1 1 1 1 1 1 1 1 1 1 1 1 1 1 1 1 1 1 1 1 0 0 1 0 0 1 0
 0 0 1]"
29,0.9999999920510163,"[1 1 1 1 1 1 1 1 1 1 1 1 1 1 1 1 1 1 1 1 1 1 1 1 1 1 1 1 1 1 0 0 1 0 0 1 0
 1 0 1]"
29,0.9999999882402336,"[1 1 1 1 1 1 1 1 1 1 1 1 1 1 1 1 1 1 1 1 1 1 1 1 1 1 1 1 1 0 1 0 1 1 1 1 0
 0 1 0]"
29,0.9999999969986675,"[1 1 1 1 1 1 1 1 1 1 1 1 1 1 1 1 1 1 1 1 1 1 1 1 1 1 1 1 1 1 1 0 1 0 1 1 0
 1 0 1]"
29,0.9999999789542928,"[1 1 1 1 1 1 1 1 1 1 1 1 1 1 1 1 1 1 1 1 1 1 1 1 1 1 1 1 0 1 1 0 1 1 1 1 0
 1 0 1]"
29,0.9999999972897058,"[1 1 1 1 1 1 1 1 1 1 1 1 1 1 1 1 1 1 1 1 1 1 1 1 1 1 1 1 1 1 1 0 1 1 0 1 0
 1 0 1]"
29,0.9999987999587688,"[1 1 1 1 1 1 1 1 1 1 1 1 1 1 1 1 1 1 1 1 1 1 0 1 1 1 1 1 1 1 0 0 1 0 0 1 0
 1 0 1]"
29,0.9999999969986675,"[1 1 1 1 1 1 1 1 1 1 1 1 1 1 1 1 1 1 1 1 1 1 1 1 1 1 1 1 1 1 1 0 1 0 1 1 0
 1 0 1]"
29,0.9999999789542928,"[1 1 1 1 1 1 1 1 1 1 1 1 1 1 1 1 1 1 1 1 1 1 1 1 1 1 1 1 0 1 1 0 1 1 1 1 0
 1 0 1]"
29,0.9999999870760804,"[1 1 1 1 1 1 1 1 1 1 1 1 1 1 1 1 1 1 1 1 1 1 1 1 1 1 1 1 1 0 1 0 0 1 1 1 0
 0 1 0]"
29,0.9999999780811779,"[1 1 1 1 1 1 1 1 1 1 1 1 1 1 1 1 1 1 1 1 1 1 1 1 1 1 1 1 0 1 1 0 1 0 0 1 0
 1 0 1]"
29,0.999999913716241,"[1 1 1 1 1 1 1 1 1 1 1 1 1 1 1 1 1 1 1 1 1 1 1 1 1 1 0 1 1 0 1 0 1 1 1 1 0
 0 0 0]"
29,0.9999999882402336,"[1 1 1 1 1 1 1 1 1 1 1 1 1 1 1 1 1 1 1 1 1 1 1 1 1 1 1 1 1 0 1 0 1 1 1 1 0
 0 1 0]"
29,0.9999999966712494,"[1 1 1 1 1 1 1 1 1 1 1 1 1 1 1 1 1 1 1 1 1 1 1 1 1 1 1 1 1 1 1 0 1 0 0 1 0
 0 0 1]"
29,0.9999999882311387,"[1 1 1 1 1 1 1 1 1 1 1 1 1 1 1 1 1 1 1 1 1 1 1 1 1 1 1 1 1 0 1 0 1 1 1 1 0
 0 0 1]"
29,0.9245651335285529,"[1 1 1 1 1 1 0 1 1 1 1 1 1 1 1 1 1 1 1 1 1 1 1 1 1 1 1 1 1 1 1 0 1 0 0 1 0
 1 0 1]"
29,0.9999996940278345,"[1 1 1 1 1 1 1 1 1 1 1 1 1 1 1 1 1 1 1 1 1 1 1 1 0 1 1 1 1 1 0 0 1 0 0 1 0
 1 0 1]"
29,0.9999999923420546,"[1 1 1 1 1 1 1 1 1 1 1 1 1 1 1 1 1 1 1 1 1 1 1 1 1 1 1 1 1 1 0 0 1 0 1 1 0
 1 0 1]"
29,0.7279761541978325,"[1 1 1 1 0 1 1 1 1 1 1 1 1 1 1 1 1 1 1 1 1 1 1 1 1 1 1 1 1 1 1 0 1 0 0 1 0
 1 0 1]"
29,0.9999999920146365,"[1 1 1 1 1 1 1 1 1 1 1 1 1 1 1 1 1 1 1 1 1 1 1 1 1 1 1 1 1 1 0 0 1 0 0 1 0
 0 0 1]"
29,0.9999999920510163,"[1 1 1 1 1 1 1 1 1 1 1 1 1 1 1 1 1 1 1 1 1 1 1 1 1 1 1 1 1 1 0 0 1 0 0 1 0
 1 0 1]"
29,0.9999999882402336,"[1 1 1 1 1 1 1 1 1 1 1 1 1 1 1 1 1 1 1 1 1 1 1 1 1 1 1 1 1 0 1 0 1 1 1 1 0
 0 1 0]"
29,0.9999999920146365,"[1 1 1 1 1 1 1 1 1 1 1 1 1 1 1 1 1 1 1 1 1 1 1 1 1 1 1 1 1 1 0 0 1 0 0 1 0
 0 0 1]"
29,0.9999999882675185,"[1 1 1 1 1 1 1 1 1 1 1 1 1 1 1 1 1 1 1 1 1 1 1 1 1 1 1 1 1 0 1 0 1 1 1 1 0
 1 0 1]"
29,0.7279761408569234,"[1 1 1 1 0 1 1 1 1 1 1 1 1 1 1 1 1 1 1 1 1 1 1 1 1 1 1 1 0 1 1 0 1 1 1 1 0
 1 0 1]"
29,0.9999999967076292,"[1 1 1 1 1 1 1 1 1 1 1 1 1 1 1 1 1 1 1 1 1 1 1 1 1 1 1 1 1 1 1 0 1 0 0 1 0
 1 0 1]"
29,0.9999999967076292,"[1 1 1 1 1 1 1 1 1 1 1 1 1 1 1 1 1 1 1 1 1 1 1 1 1 1 1 1 1 1 1 0 1 0 0 1 0
 1 0 1]"
29,0.9999999920146365,"[1 1 1 1 1 1 1 1 1 1 1 1 1 1 1 1 1 1 1 1 1 1 1 1 1 1 1 1 1 1 0 0 1 0 0 1 0
 0 0 1]"
29,0.9902771711853893,"[1 1 1 1 1 1 1 1 1 0 1 1 1 1 1 1 1 1 1 1 1 1 1 1 1 1 1 1 1 1 0 0 1 0 1 1 0
 1 0 1]"
29,0.9999237053818342,"[1 1 1 1 1 1 1 1 1 1 1 1 1 1 1 1 0 1 1 1 1 1 1 1 1 1 1 1 1 1 1 0 1 0 0 1 0
 1 0 1]"
29,0.9999999920510163,"[1 1 1 1 1 1 1 1 1 1 1 1 1 1 1 1 1 1 1 1 1 1 1 1 1 1 1 1 1 1 0 0 1 0 0 1 0
 1 0 1]"
29,0.9999999921237759,"[1 1 1 1 1 1 1 1 1 1 1 1 1 1 1 1 1 1 1 1 1 1 1 1 1 1 1 1 1 1 0 0 1 0 0 1 1
 1 0 1]"
29,0.9999999920510163,"[1 1 1 1 1 1 1 1 1 1 1 1 1 1 1 1 1 1 1 1 1 1 1 1 1 1 1 1 1 1 0 0 1 0 0 1 0
 1 0 1]"
29,0.9999999975443643,"[1 1 1 1 1 1 1 1 1 1 1 1 1 1 1 1 1 1 1 1 1 1 1 1 1 1 1 1 1 1 1 0 1 1 1 1 0
 0 0 1]"
29,0.9999999789542928,"[1 1 1 1 1 1 1 1 1 1 1 1 1 1 1 1 1 1 1 1 1 1 1 1 1 1 1 1 0 1 1 0 1 1 1 1 0
 1 0 1]"
29,0.9998474192944089,"[1 1 1 1 1 1 1 1 1 1 1 1 1 1 1 0 1 1 1 1 1 1 1 1 1 1 1 1 1 1 1 0 1 0 0 1 0
 1 0 1]"
29,0.9999999789542928,"[1 1 1 1 1 1 1 1 1 1 1 1 1 1 1 1 1 1 1 1 1 1 1 1 1 1 1 1 0 1 1 0 1 1 1 1 0
 1 0 1]"
29,0.9999999920146365,"[1 1 1 1 1 1 1 1 1 1 1 1 1 1 1 1 1 1 1 1 1 1 1 1 1 1 1 1 1 1 0 0 1 0 0 1 0
 0 0 1]"
29,0.9999999882402336,"[1 1 1 1 1 1 1 1 1 1 1 1 1 1 1 1 1 1 1 1 1 1 1 1 1 1 1 1 1 0 1 0 1 1 1 1 0
 0 1 0]"
29,0.9999999920510163,"[1 1 1 1 1 1 1 1 1 1 1 1 1 1 1 1 1 1 1 1 1 1 1 1 1 1 1 1 1 1 0 0 1 0 0 1 0
 1 0 1]"
29,0.9999999882402336,"[1 1 1 1 1 1 1 1 1 1 1 1 1 1 1 1 1 1 1 1 1 1 1 1 1 1 1 1 1 0 1 0 1 1 1 1 0
 0 1 0]"
29,0.9999999785541152,"[1 1 1 1 1 1 1 1 1 1 1 1 1 1 1 1 1 1 1 1 1 1 1 1 1 1 1 1 0 1 1 0 1 1 0 0 1
 0 0 1]"
29,0.9999999597457653,"[1 1 1 1 1 1 1 1 1 1 1 1 1 1 1 1 1 1 1 1 1 1 1 1 1 1 1 0 1 1 1 0 1 0 1 1 0
 1 0 1]"
29,0.9999998392559181,"[1 1 1 1 1 1 1 1 1 1 1 1 1 1 1 1 1 1 1 1 1 1 1 1 1 0 1 1 1 0 1 0 1 1 1 1 0
 1 0 1]"
29,0.9999999920146365,"[1 1 1 1 1 1 1 1 1 1 1 1 1 1 1 1 1 1 1 1 1 1 1 1 1 1 1 1 1 1 0 0 1 0 0 1 0
 0 0 1]"
29,0.9999999871033652,"[1 1 1 1 1 1 1 1 1 1 1 1 1 1 1 1 1 1 1 1 1 1 1 1 1 1 1 1 1 0 1 0 0 1 1 1 0
 1 0 1]"
29,0.9999976128154409,"[1 1 1 1 1 1 1 1 1 1 1 1 1 1 1 1 1 1 1 1 1 0 1 1 1 1 1 1 1 1 1 0 1 0 1 1 0
 1 0 1]"
29,0.9974090243422851,"[1 1 1 1 1 1 1 1 1 1 1 0 1 1 1 0 1 1 1 1 1 1 1 1 1 1 1 1 1 1 0 0 1 1 0 1 0
 0 0 1]"
29,0.9999999905776349,"[1 1 1 1 1 1 1 1 1 1 1 1 1 1 1 1 1 1 1 1 1 1 1 1 1 1 1 1 1 0 1 1 1 1 1 1 0
 0 1 1]"
29,0.9999999998908606,"[1 1 1 1 1 1 1 1 1 1 1 1 1 1 1 1 1 1 1 1 1 1 1 1 1 1 1 1 1 1 1 1 1 1 1 1 0
 0 1 1]"
29,0.9999999975807441,"[1 1 1 1 1 1 1 1 1 1 1 1 1 1 1 1 1 1 1 1 1 1 1 1 1 1 1 1 1 1 1 0 1 1 1 1 0
 1 0 1]"
29,0.9999999920510163,"[1 1 1 1 1 1 1 1 1 1 1 1 1 1 1 1 1 1 1 1 1 1 1 1 1 1 1 1 1 1 0 0 1 0 0 1 0
 1 0 1]"
29,0.9999999966712494,"[1 1 1 1 1 1 1 1 1 1 1 1 1 1 1 1 1 1 1 1 1 1 1 1 1 1 1 1 1 1 1 0 1 0 0 1 0
 0 0 1]"
29,0.9999999789542928,"[1 1 1 1 1 1 1 1 1 1 1 1 1 1 1 1 1 1 1 1 1 1 1 1 1 1 1 1 0 1 1 0 1 1 1 1 0
 1 0 1]"
